1
1.00076
1.0015
1.00224
1.00296
1.00367
1.00436
1.00505
1.00572
1.00638
1.00702
1.00766
1.00828
1.00889
1.00948
1.01007
1.01064
1.0112
1.01174
1.01228
1.0128
1.01331
1.0138
1.01428
1.01475
1.01521
1.01566
1.01609
1.01651
1.01692
1.01731
1.0177
1.01807
1.01842
1.01877
1.0191
1.01942
1.01972
1.02002
1.0203
1.02057
1.02082
1.02107
1.0213
1.02152
1.02172
1.02191
1.02209
1.02226
1.02241
1.02256
1.02269
1.0228
1.02291
1.023
1.02307
1.02314
1.02319
1.02323
1.02326
1.02328
1.02328
1.02327
1.02324
1.02321
1.02316
1.0231
1.02302
1.02294
1.02284
1.02273
1.0226
1.02246
1.02231
1.02215
1.02197
1.02179
1.02158
1.02137
1.02114
1.02091
1.02065
1.02039
1.02011
1.01982
1.01952
1.01921
1.01888
1.01854
1.01818
1.01782
1.01744
1.01705
1.01665
1.01623
1.0158
1.01536
1.01491
1.01444
1.01396
1.01347
1.01297
1.01245
1.01192
1.01138
1.01082
1.01026
1.00968
1.00908
1.00848
1.00786
1.00723
1.00659
1.00594
1.00527
1.00459
1.0039
1.00319
1.00248
1.00175
1.00101
1.00025
0.999485
0.998706
0.997914
0.997111
0.996295
0.995466
0.994625
0.993772
0.992906
0.992028
0.991138
0.990236
0.989321
0.988394
0.987455
0.986503
0.985539
0.984563
0.983575
0.982574
0.981562
0.980537
0.9795
0.978451
0.977389
0.976316
0.975231
0.974133
0.973023
0.971901
0.970767
0.969621
0.968464
0.967294
0.966112
0.964918
0.963712
0.962494
0.961264
0.960022
0.958768
0.957503
0.956225
0.954936
0.953635
0.952322
0.950997
0.94966
0.948312
0.946952
0.94558
0.944196
0.942801
0.941394
0.939975
0.938545
0.937102
0.935649
0.934183
0.932707
0.931218
0.929718
0.928206
0.926683
0.925149
0.923603
0.922045
0.920476
0.918896
0.917304
0.915701
0.914086
0.91246
0.910823
0.909174
0.907515
0.905843
0.904161
0.902468
0.900763
0.899047
0.89732
0.895582
0.893832
0.892072
0.8903
0.888518
0.886724
0.88492
0.883104
0.881278
0.87944
0.877592
0.875733
0.873862
0.871981
0.87009
0.868187
0.866274
0.86435
0.862415
0.860469
0.858513
0.856546
0.854568
0.85258
0.850582
0.848572
0.846553
0.844522
0.842481
0.84043
0.838369
0.836296
0.834214
0.832121
0.830018
0.827905
0.825781
0.823647
0.821503
0.819348
0.817184
0.815009
0.812824
0.810629
0.808424
0.806209
0.803984
0.801749
0.799504
0.79725
0.794985
0.79271
0.790426
0.788131
0.785827
0.783513
0.78119
0.778857
0.776514
0.774161
0.771799
0.769427
0.767046
0.764655
0.762255
0.759845
0.757426
0.754997
0.752559
0.750112
0.747655
0.745189
0.742714
0.74023
0.737736
0.735233
0.732722
0.730201
0.727671
0.725132
0.722583
0.720026
0.71746
0.714886
0.712302
0.709709
0.707108
0.704498
0.701879
0.699251
0.696615
0.69397
0.691316
0.688654
0.685983
0.683304
0.680616
0.67792
0.675215
0.672502
0.669781
0.667051
0.664313
0.661567
0.658812
0.65605
0.653279
0.6505
0.647713
0.644918
0.642115
0.639304
0.636485
0.633659
0.630824
0.627981
0.625131
0.622273
0.619407
0.616533
0.613652
0.610763
0.607867
0.604963
0.602052
0.599133
0.596206
0.593273
0.590331
0.587383
0.584427
0.581464
0.578494
0.575516
0.572532
0.56954
0.566541
0.563535
0.560522
0.557503
0.554476
0.551442
0.548402
0.545354
0.5423
0.53924
0.536172
0.533098
0.530017
0.52693
0.523836
0.520735
0.517628
0.514515
0.511395
0.508269
0.505137
0.501998
0.498853
0.495702
0.492544
0.489381
0.486211
0.483036
0.479854
0.476667
0.473473
0.470274
0.467069
0.463858
0.460641
0.457418
0.45419
0.450956
0.447717
0.444472
0.441221
0.437965
0.434704
0.431437
0.428164
0.424887
0.421604
0.418316
0.415022
0.411724
0.40842
0.405112
0.401798
0.398479
0.395155
0.391827
0.388493
0.385155
0.381812
0.378464
0.375111
0.371754
0.368392
0.365025
0.361654
0.358279
0.354899
0.351514
0.348126
0.344732
0.341335
0.337933
0.334527
0.331117
0.327703
0.324285
0.320862
0.317436
0.314006
0.310571
0.307133
0.303691
0.300246
0.296796
0.293343
0.289886
0.286426
0.282962
0.279494
0.276023
0.272549
0.269071
0.26559
0.262105
0.258618
0.255126
0.251632
0.248135
0.244634
0.241131
0.237624
0.234115
0.230602
0.227087
0.223569
0.220048
0.216524
0.212998
0.209469
0.205937
0.202403
0.198866
0.195327
0.191785
0.188241
0.184694
0.181145
0.177594
0.174041
0.170485
0.166928
0.163368
0.159806
0.156242
0.152677
0.149109
0.145539
0.141968
0.138395
0.13482
0.131243
0.127665
0.124085
0.120504
0.116921
0.113336
0.10975
0.106163
0.102574
0.0989846
0.0953934
0.091801
0.0882075
0.0846128
0.0810171
0.0774203
0.0738225
0.0702238
0.0666242
0.0630237
0.0594225
0.0558204
0.0522177
0.0486143
0.0450102
0.0414055
0.0378003
0.0341946
0.0305885
0.026982
0.023375
0.0197678
0.0161603
0.0125525
0.00894462
0.00533655
0.00172839
-0.00187983
-0.00548805
-0.00909623
-0.0127043
-0.0163123
-0.0199201
-0.0235277
-0.027135
-0.030742
-0.0343487
-0.037955
-0.0415608
-0.0451662
-0.048771
-0.0523752
-0.0559789
-0.0595818
-0.0631841
-0.0667856
-0.0703863
-0.0739862
-0.0775852
-0.0811832
-0.0847803
-0.0883764
-0.0919714
-0.0955653
-0.099158
-0.10275
-0.10634
-0.109929
-0.113517
-0.117103
-0.120688
-0.124271
-0.127853
-0.131433
-0.135012
-0.138589
-0.142165
-0.145738
-0.14931
-0.152881
-0.156449
-0.160015
-0.16358
-0.167142
-0.170702
-0.174261
-0.177817
-0.181371
-0.184923
-0.188472
-0.192019
-0.195564
-0.199107
-0.202647
-0.206184
-0.209719
-0.213252
-0.216782
-0.220309
-0.223833
-0.227355
-0.230874
-0.23439
-0.237903
-0.241414
-0.244921
-0.248426
-0.251927
-0.255425
-0.25892
-0.262412
-0.265901
-0.269387
-0.272869
-0.276348
-0.279823
-0.283295
-0.286764
-0.290229
-0.29369
-0.297148
-0.300602
-0.304053
-0.3075
-0.310942
-0.314382
-0.317817
-0.321248
-0.324676
-0.328099
-0.331519
-0.334934
-0.338345
-0.341752
-0.345155
-0.348554
-0.351948
-0.355338
-0.358724
-0.362105
-0.365482
-0.368854
-0.372222
-0.375585
-0.378944
-0.382298
-0.385647
-0.388991
-0.392331
-0.395666
-0.398996
-0.402321
-0.405641
-0.408956
-0.412266
-0.415571
-0.418871
-0.422166
-0.425455
-0.42874
-0.432019
-0.435292
-0.438561
-0.441824
-0.445081
-0.448333
-0.45158
-0.45482
-0.458056
-0.461285
-0.464509
-0.467728
-0.47094
-0.474147
-0.477348
-0.480543
-0.483732
-0.486915
-0.490092
-0.493263
-0.496428
-0.499587
-0.502739
-0.505886
-0.509026
-0.51216
-0.515288
-0.518409
-0.521524
-0.524632
-0.527735
-0.53083
-0.533919
-0.537001
-0.540077
-0.543146
-0.546209
-0.549264
-0.552313
-0.555355
-0.55839
-0.561419
-0.56444
-0.567455
-0.570462
-0.573463
-0.576456
-0.579442
-0.582421
-0.585393
-0.588358
-0.591315
-0.594265
-0.597208
-0.600143
-0.603071
-0.605992
-0.608905
-0.611811
-0.614709
-0.617599
-0.620482
-0.623357
-0.626224
-0.629084
-0.631936
-0.63478
-0.637616
-0.640445
-0.643265
-0.646078
-0.648883
-0.651679
-0.654468
-0.657248
-0.660021
-0.662785
-0.665541
-0.668289
-0.671028
-0.67376
-0.676482
-0.679197
-0.681903
-0.684601
-0.68729
-0.689971
-0.692644
-0.695307
-0.697962
-0.700609
-0.703247
-0.705876
-0.708497
-0.711108
-0.713711
-0.716305
-0.718891
-0.721467
-0.724035
-0.726593
-0.729143
-0.731683
-0.734215
-0.736737
-0.739251
-0.741755
-0.74425
-0.746736
-0.749212
-0.75168
-0.754138
-0.756587
-0.759026
-0.761456
-0.763877
-0.766288
-0.768689
-0.771082
-0.773464
-0.775837
-0.778201
-0.780555
-0.782899
-0.785234
-0.787559
-0.789874
-0.792179
-0.794475
-0.79676
-0.799036
-0.801302
-0.803558
-0.805805
-0.808041
-0.810267
-0.812483
-0.814689
-0.816886
-0.819072
-0.821247
-0.823413
-0.825569
-0.827714
-0.829849
-0.831974
-0.834088
-0.836193
-0.838286
-0.84037
-0.842443
-0.844506
-0.846558
-0.8486
-0.850631
-0.852652
-0.854662
-0.856662
-0.858651
-0.860629
-0.862597
-0.864554
-0.866501
-0.868436
-0.870361
-0.872275
-0.874179
-0.876071
-0.877953
-0.879824
-0.881684
-0.883533
-0.885371
-0.887199
-0.889015
-0.89082
-0.892614
-0.894397
-0.89617
-0.897931
-0.89968
-0.901419
-0.903147
-0.904863
-0.906569
-0.908263
-0.909945
-0.911617
-0.913277
-0.914926
-0.916564
-0.91819
-0.919805
-0.921408
-0.923001
-0.924581
-0.926151
-0.927708
-0.929255
-0.930789
-0.932313
-0.933825
-0.935325
-0.936813
-0.93829
-0.939756
-0.94121
-0.942652
-0.944082
-0.945501
-0.946908
-0.948303
-0.949687
-0.951059
-0.952419
-0.953767
-0.955104
-0.956428
-0.957741
-0.959042
-0.960331
-0.961608
-0.962874
-0.964127
-0.965368
-0.966598
-0.967815
-0.969021
-0.970214
-0.971396
-0.972565
-0.973723
-0.974868
-0.976001
-0.977123
-0.978232
-0.979329
-0.980414
-0.981486
-0.982547
-0.983595
-0.984632
-0.985656
-0.986667
-0.987667
-0.988654
-0.98963
-0.990592
-0.991543
-0.992481
-0.993407
-0.994321
-0.995223
-0.996112
-0.996988
-0.997853
-0.998705
-0.999544
-1.00037
-1.00119
-1.00199
-1.00278
-1.00356
-1.00432
-1.00507
-1.00582
-1.00654
-1.00726
-1.00796
-1.00865
-1.00933
-1.00999
-1.01065
-1.01129
-1.01192
-1.01253
-1.01313
-1.01372
-1.0143
-1.01487
-1.01542
-1.01596
-1.01649
-1.017
-1.0175
-1.01799
-1.01847
-1.01893
-1.01939
-1.01983
-1.02025
-1.02067
-1.02107
-1.02145
-1.02183
-1.02219
-1.02254
-1.02288
-1.02321
-1.02352
-1.02382
-1.02411
-1.02438
-1.02464
-1.02489
-1.02513
-1.02535
-1.02556
-1.02576
-1.02595
-1.02612
-1.02628
-1.02643
-1.02656
-1.02668
-1.02679
-1.02689
-1.02697
-1.02704
-1.0271
-1.02715
-1.02718
-1.0272
-1.02721
-1.0272
-1.02718
-1.02715
-1.02711
-1.02705
-1.02698
-1.0269
-1.0268
-1.0267
-1.02658
-1.02644
-1.0263
-1.02614
-1.02597
-1.02579
-1.02559
-1.02538
-1.02516
-1.02492
-1.02468
-1.02442
-1.02414
-1.02386
-1.02356
-1.02325
-1.02293
-1.02259
-1.02224
-1.02188
-1.0215
-1.02112
-1.02072
-1.02031
-1.01988
-1.01944
-1.01899
-1.01853
-1.01805
-1.01757
-1.01707
-1.01655
-1.01603
-1.01549
-1.01494
-1.01437
-1.0138
-1.01321
-1.01261
-1.01199
-1.01137
-1.01073
-1.01007
-1.00941
-1.00873
-1.00804
-1.00734
-1.00663
-1.0059
-1.00516
-1.00441
-1.00366
-1.0029
-1.00215
-1.00139
-1.00063
-0.999868
-0.999105
-0.998341
-0.997575
-0.996808
-0.996039
-0.995269
-0.994497
-0.993724
-0.992949
-0.992172
-0.991394
-0.990615
-0.989834
-0.989051
-0.988267
-0.987481
-0.986694
-0.985905
-0.985115
-0.984324
-0.98353
-0.982736
-0.981939
-0.981141
-0.980342
-0.979541
-0.978739
-0.977935
-0.97713
-0.976323
-0.975514
-0.974705
-0.973893
-0.97308
-0.972266
-0.97145
-0.970633
-0.969814
-0.968993
-0.968171
-0.967348
-0.966523
-0.965697
-0.964869
-0.96404
-0.963209
-0.962377
-0.961543
-0.960707
-0.959871
-0.959032
-0.958193
-0.957351
-0.956509
-0.955665
-0.954819
-0.953972
-0.953123
-0.952273
-0.951422
-0.950569
-0.949714
-0.948858
-0.948001
-0.947142
-0.946282
-0.94542
-0.944557
-0.943692
-0.942826
-0.941958
-0.941089
-0.940219
-0.939347
-0.938473
-0.937598
-0.936722
-0.935844
-0.934965
-0.934084
-0.933202
-0.932319
-0.931434
-0.930547
-0.929659
-0.92877
-0.927879
-0.926987
-0.926094
-0.925199
-0.924302
-0.923404
-0.922505
-0.921604
-0.920702
-0.919799
-0.918894
-0.917987
-0.917079
-0.91617
-0.915259
-0.914347
-0.913434
-0.912519
-0.911603
-0.910685
-0.909766
-0.908845
-0.907923
-0.907
-0.906075
-0.905149
-0.904222
-0.903293
-0.902362
-0.901431
-0.900498
-0.899563
-0.898627
-0.89769
-0.896751
-0.895811
-0.89487
-0.893927
-0.892983
-0.892037
-0.89109
-0.890142
-0.889192
-0.888241
-0.887289
-0.886335
-0.88538
-0.884423
-0.883465
-0.882506
-0.881546
-0.880584
-0.87962
-0.878655
-0.877689
-0.876722
-0.875753
-0.874783
-0.873812
-0.872839
-0.871865
-0.870889
-0.869912
-0.868934
-0.867954
-0.866973
-0.865991
-0.865008
-0.864023
-0.863036
-0.862049
-0.86106
-0.86007
-0.859078
-0.858085
-0.857091
-0.856096
-0.855099
-0.8541
-0.853101
-0.8521
-0.851098
-0.850095
-0.84909
-0.848084
-0.847076
-0.846068
-0.845058
-0.844046
-0.843034
-0.84202
-0.841005
-0.839988
-0.83897
-0.837951
-0.836931
-0.835909
-0.834886
-0.833862
-0.832836
-0.831809
-0.830781
-0.829752
-0.828721
-0.827689
-0.826656
-0.825621
-0.824585
-0.823548
-0.82251
-0.82147
-0.82043
-0.819387
-0.818344
-0.817299
-0.816253
-0.815206
-0.814158
-0.813108
-0.812057
-0.811005
-0.809951
-0.808896
-0.80784
-0.806783
-0.805725
-0.804665
-0.803604
-0.802542
-0.801478
-0.800414
-0.799348
-0.79828
-0.797212
-0.796142
-0.795072
-0.793999
-0.792926
-0.791852
-0.790776
-0.789699
-0.788621
-0.787541
-0.786461
-0.785379
-0.784296
-0.783211
-0.782126
-0.781039
-0.779951
-0.778862
-0.777772
-0.77668
-0.775588
-0.774494
-0.773399
-0.772302
-0.771205
-0.770106
-0.769006
-0.767905
-0.766803
-0.765699
-0.764595
-0.763489
-0.762382
-0.761274
-0.760164
-0.759054
-0.757942
-0.756829
-0.755715
-0.7546
-0.753484
-0.752366
-0.751248
-0.750128
-0.749007
-0.747885
-0.746761
-0.745637
-0.744511
-0.743384
-0.742257
-0.741127
-0.739997
-0.738866
-0.737733
-0.7366
-0.735465
-0.734329
-0.733192
-0.732054
-0.730915
-0.729774
-0.728632
-0.72749
-0.726346
-0.725201
-0.724055
-0.722908
-0.72176
-0.72061
-0.71946
-0.718308
-0.717155
-0.716001
-0.714846
-0.71369
-0.712533
-0.711375
-0.710215
-0.709055
-0.707893
-0.706731
-0.705567
-0.704402
-0.703236
-0.702069
-0.700901
-0.699732
-0.698562
-0.69739
-0.696218
-0.695044
-0.69387
-0.692694
-0.691518
-0.69034
-0.689161
-0.687981
-0.6868
-0.685618
-0.684435
-0.683251
-0.682066
-0.680879
-0.679692
-0.678504
-0.677314
-0.676124
-0.674932
-0.67374
-0.672546
-0.671351
-0.670156
-0.668959
-0.667761
-0.666563
-0.665363
-0.664162
-0.66296
-0.661757
-0.660553
-0.659348
-0.658143
-0.656936
-0.655728
-0.654519
-0.653309
-0.652098
-0.650886
-0.649673
-0.648459
-0.647244
-0.646028
-0.64481
-0.643592
-0.642373
-0.641153
-0.639932
-0.63871
-0.637488
-0.636264
-0.635039
-0.633813
-0.632586
-0.631358
-0.630129
-0.628899
-0.627668
-0.626437
-0.625204
-0.62397
-0.622736
-0.6215
-0.620263
-0.619026
-0.617787
-0.616548
-0.615307
-0.614066
-0.612824
-0.61158
-0.610336
-0.609091
-0.607845
-0.606598
-0.60535
-0.604101
-0.602851
-0.6016
-0.600349
-0.599096
-0.597843
-0.596588
-0.595333
-0.594076
-0.592819
-0.591561
-0.590302
-0.589042
-0.587781
-0.586519
-0.585257
-0.583993
-0.582728
-0.581463
-0.580197
-0.57893
-0.577661
-0.576392
-0.575123
-0.573852
-0.57258
-0.571308
-0.570034
-0.56876
-0.567485
-0.566209
-0.564932
-0.563654
-0.562375
-0.561096
-0.559815
-0.558534
-0.557252
-0.555969
-0.554685
-0.5534
-0.552115
-0.550828
-0.549541
-0.548253
-0.546964
-0.545674
-0.544383
-0.543092
-0.541799
-0.540506
-0.539212
-0.537917
-0.536622
-0.535325
-0.534028
-0.532729
-0.53143
-0.530131
-0.52883
-0.527529
-0.526226
-0.524923
-0.523619
-0.522315
-0.521009
-0.519703
-0.518396
-0.517088
-0.515779
-0.51447
-0.513159
-0.511848
-0.510536
-0.509224
-0.50791
-0.506596
-0.505281
-0.503965
-0.502648
-0.501331
-0.500013
-0.498694
-0.497374
-0.496054
-0.494732
-0.49341
-0.492088
-0.490764
-0.48944
-0.488115
-0.486789
-0.485463
-0.484135
-0.482807
-0.481478
-0.480149
-0.478819
-0.477488
-0.476156
-0.474823
-0.47349
-0.472156
-0.470822
-0.469486
-0.46815
-0.466813
-0.465476
-0.464137
-0.462798
-0.461459
-0.460118
-0.458777
-0.457435
-0.456093
-0.454749
-0.453405
-0.452061
-0.450715
-0.449369
-0.448022
-0.446675
-0.445327
-0.443978
-0.442628
-0.441278
-0.439927
-0.438576
-0.437223
-0.435871
-0.434517
-0.433163
-0.431808
-0.430452
-0.429096
-0.427739
-0.426381
-0.425023
-0.423664
-0.422305
-0.420944
-0.419584
-0.418222
-0.41686
-0.415497
-0.414134
-0.412769
-0.411405
-0.410039
-0.408673
-0.407307
-0.405939
-0.404572
-0.403203
-0.401834
-0.400464
-0.399094
-0.397723
-0.396351
-0.394979
-0.393606
-0.392233
-0.390859
-0.389484
-0.388109
-0.386733
-0.385357
-0.383979
-0.382602
-0.381224
-0.379845
-0.378465
-0.377085
-0.375705
-0.374324
-0.372942
-0.37156
-0.370177
-0.368793
-0.367409
-0.366025
-0.36464
-0.363254
-0.361868
-0.360481
-0.359093
-0.357705
-0.356317
-0.354928
-0.353538
-0.352148
-0.350757
-0.349366
-0.347974
-0.346582
-0.345189
-0.343796
-0.342402
-0.341007
-0.339612
-0.338217
-0.336821
-0.335424
-0.334027
-0.33263
-0.331232
-0.329833
-0.328434
-0.327034
-0.325634
-0.324234
-0.322833
-0.321431
-0.320029
-0.318626
-0.317223
-0.315819
-0.314415
-0.313011
-0.311606
-0.3102
-0.308794
-0.307388
-0.305981
-0.304573
-0.303165
-0.301757
-0.300348
-0.298939
-0.297529
-0.296119
-0.294708
-0.293297
-0.291886
-0.290473
-0.289061
-0.287648
-0.286235
-0.284821
-0.283407
-0.281992
-0.280577
-0.279161
-0.277745
-0.276329
-0.274912
-0.273495
-0.272077
-0.270659
-0.26924
-0.267821
-0.266402
-0.264982
-0.263562
-0.262141
-0.26072
-0.259299
-0.257877
-0.256455
-0.255032
-0.253609
-0.252186
-0.250762
-0.249338
-0.247913
-0.246488
-0.245063
-0.243637
-0.242211
-0.240785
-0.239358
-0.237931
-0.236503
-0.235075
-0.233647
-0.232218
-0.230789
-0.22936
-0.22793
-0.2265
-0.22507
-0.223639
-0.222208
-0.220777
-0.219345
-0.217913
-0.21648
-0.215047
-0.213614
-0.212181
-0.210747
-0.209313
-0.207878
-0.206444
-0.205009
-0.203573
-0.202138
-0.200702
-0.199265
-0.197829
-0.196392
-0.194954
-0.193517
-0.192079
-0.190641
-0.189202
-0.187764
-0.186325
-0.184885
-0.183446
-0.182006
-0.180566
-0.179125
-0.177685
-0.176244
-0.174802
-0.173361
-0.171919
-0.170477
-0.169035
-0.167592
-0.166149
-0.164706
-0.163263
-0.161819
-0.160375
-0.158931
-0.157487
-0.156042
-0.154597
-0.153152
-0.151707
-0.150262
-0.148816
-0.14737
-0.145924
-0.144477
-0.14303
-0.141584
-0.140136
-0.138689
-0.137242
-0.135794
-0.134346
-0.132898
-0.131449
-0.130001
-0.128552
-0.127103
-0.125654
-0.124204
-0.122755
-0.121305
-0.119855
-0.118405
-0.116955
-0.115504
-0.114054
-0.112603
-0.111152
-0.109701
-0.108249
-0.106798
-0.105346
-0.103894
-0.102442
-0.10099
-0.0995378
-0.0980853
-0.0966327
-0.0951799
-0.093727
-0.092274
-0.0908208
-0.0893674
-0.0879139
-0.0864603
-0.0850066
-0.0835527
-0.0820987
-0.0806446
-0.0791903
-0.0777359
-0.0762814
-0.0748268
-0.0733721
-0.0719173
-0.0704623
-0.0690073
-0.0675521
-0.0660968
-0.0646414
-0.063186
-0.0617304
-0.0602747
-0.058819
-0.0573631
-0.0559072
-0.0544512
-0.0529951
-0.0515389
-0.0500826
-0.0486263
-0.0471699
-0.0457134
-0.0442568
-0.0428002
-0.0413435
-0.0398868
-0.03843
-0.0369731
-0.0355162
-0.0340592
-0.0326021
-0.0311451
-0.0296879
-0.0282308
-0.0267735
-0.0253163
-0.023859
-0.0224016
-0.0209443
-0.0194869
-0.0180294
-0.016572
-0.0151145
-0.013657
-0.0121995
-0.0107419
-0.00928436
-0.00782679
-0.00636921
-0.00491161
-0.00345401
-0.00199641
-0.000538803
0.000918804
0.00237641
0.00383401
0.0052916
0.00674919
0.00820676
0.00966432
0.0111219
0.0125794
0.0140369
0.0154944
0.0169518
0.0184093
0.0198667
0.021324
0.0227814
0.0242387
0.025696
0.0271532
0.0286104
0.0300675
0.0315246
0.0329816
0.0344386
0.0358955
0.0373524
0.0388092
0.040266
0.0417227
0.0431793
0.0446359
0.0460924
0.0475488
0.0490051
0.0504614
0.0519176
0.0533737
0.0548297
0.0562857
0.0577415
0.0591973
0.0606529
0.0621085
0.063564
0.0650194
0.0664746
0.0679298
0.0693849
0.0708399
0.0722947
0.0737494
0.0752041
0.0766586
0.078113
0.0795672
0.0810214
0.0824754
0.0839293
0.085383
0.0868366
0.0882901
0.0897435
0.0911967
0.0926498
0.0941027
0.0955555
0.0970081
0.0984606
0.0999129
0.101365
0.102817
0.104269
0.105721
0.107172
0.108624
0.110075
0.111526
0.112977
0.114427
0.115878
0.117328
0.118778
0.120228
0.121678
0.123127
0.124577
0.126026
0.127475
0.128924
0.130372
0.131821
0.133269
0.134717
0.136165
0.137612
0.13906
0.140507
0.141954
0.1434
0.144847
0.146293
0.147739
0.149185
0.15063
0.152076
0.153521
0.154966
0.15641
0.157855
0.159299
0.160743
0.162186
0.16363
0.165073
0.166516
0.167958
0.169401
0.170843
0.172285
0.173726
0.175167
0.176608
0.178049
0.17949
0.18093
0.18237
0.183809
0.185249
0.186688
0.188126
0.189565
0.191003
0.192441
0.193879
0.195316
0.196753
0.198189
0.199626
0.201062
0.202498
0.203933
0.205368
0.206803
0.208237
0.209672
0.211105
0.212539
0.213972
0.215405
0.216837
0.21827
0.219701
0.221133
0.222564
0.223995
0.225425
0.226855
0.228285
0.229715
0.231144
0.232572
0.234001
0.235429
0.236856
0.238283
0.23971
0.241137
0.242563
0.243989
0.245414
0.246839
0.248264
0.249688
0.251112
0.252535
0.253958
0.255381
0.256803
0.258225
0.259646
0.261067
0.262488
0.263908
0.265328
0.266748
0.268167
0.269585
0.271003
0.272421
0.273838
0.275255
0.276672
0.278088
0.279504
0.280919
0.282334
0.283748
0.285162
0.286575
0.287988
0.289401
0.290813
0.292225
0.293636
0.295047
0.296457
0.297867
0.299276
0.300685
0.302093
0.303501
0.304909
0.306316
0.307722
0.309129
0.310534
0.311939
0.313344
0.314748
0.316152
0.317555
0.318958
0.32036
0.321762
0.323163
0.324563
0.325964
0.327363
0.328763
0.330161
0.331559
0.332957
0.334354
0.335751
0.337147
0.338543
0.339938
0.341332
0.342726
0.34412
0.345513
0.346905
0.348297
0.349688
0.351079
0.352469
0.353859
0.355248
0.356637
0.358025
0.359412
0.360799
0.362186
0.363571
0.364957
0.366341
0.367725
0.369109
0.370492
0.371874
0.373256
0.374638
0.376018
0.377398
0.378778
0.380157
0.381535
0.382913
0.38429
0.385667
0.387043
0.388418
0.389793
0.391167
0.39254
0.393913
0.395286
0.396658
0.398029
0.399399
0.400769
0.402138
0.403507
0.404875
0.406242
0.407609
0.408975
0.410341
0.411706
0.41307
0.414434
0.415796
0.417159
0.41852
0.419881
0.421242
0.422602
0.423961
0.425319
0.426677
0.428034
0.42939
0.430746
0.432101
0.433456
0.434809
0.436162
0.437515
0.438867
0.440218
0.441568
0.442918
0.444267
0.445615
0.446963
0.44831
0.449656
0.451001
0.452346
0.45369
0.455034
0.456377
0.457719
0.45906
0.460401
0.461741
0.46308
0.464418
0.465756
0.467093
0.468429
0.469765
0.4711
0.472434
0.473768
0.4751
0.476432
0.477763
0.479094
0.480424
0.481753
0.483081
0.484408
0.485735
0.487061
0.488386
0.489711
0.491035
0.492358
0.49368
0.495001
0.496322
0.497642
0.498961
0.500279
0.501597
0.502914
0.50423
0.505545
0.50686
0.508173
0.509486
0.510798
0.51211
0.51342
0.51473
0.516039
0.517347
0.518655
0.519961
0.521267
0.522572
0.523876
0.525179
0.526482
0.527784
0.529085
0.530385
0.531684
0.532982
0.53428
0.535577
0.536873
0.538168
0.539462
0.540756
0.542048
0.54334
0.544631
0.545921
0.547211
0.548499
0.549787
0.551073
0.552359
0.553644
0.554928
0.556212
0.557494
0.558776
0.560056
0.561336
0.562615
0.563893
0.565171
0.566447
0.567723
0.568997
0.570271
0.571544
0.572816
0.574087
0.575357
0.576626
0.577895
0.579162
0.580429
0.581695
0.58296
0.584224
0.585487
0.586749
0.58801
0.58927
0.59053
0.591788
0.593046
0.594303
0.595558
0.596813
0.598067
0.59932
0.600572
0.601823
0.603074
0.604323
0.605571
0.606819
0.608065
0.609311
0.610555
0.611799
0.613042
0.614283
0.615524
0.616764
0.618003
0.619241
0.620478
0.621714
0.622949
0.624183
0.625416
0.626648
0.62788
0.62911
0.630339
0.631568
0.632795
0.634021
0.635247
0.636471
0.637694
0.638917
0.640138
0.641359
0.642578
0.643797
0.645014
0.646231
0.647446
0.648661
0.649874
0.651086
0.652298
0.653508
0.654718
0.655926
0.657134
0.65834
0.659546
0.66075
0.661953
0.663156
0.664357
0.665557
0.666756
0.667955
0.669152
0.670348
0.671543
0.672737
0.67393
0.675122
0.676313
0.677503
0.678692
0.67988
0.681067
0.682253
0.683437
0.684621
0.685803
0.686985
0.688165
0.689345
0.690523
0.6917
0.692877
0.694052
0.695226
0.696399
0.697571
0.698741
0.699911
0.70108
0.702247
0.703414
0.704579
0.705744
0.706907
0.708069
0.70923
0.71039
0.711549
0.712707
0.713863
0.715019
0.716173
0.717327
0.718479
0.71963
0.72078
0.721929
0.723077
0.724223
0.725369
0.726513
0.727657
0.728799
0.72994
0.73108
0.732219
0.733357
0.734493
0.735629
0.736763
0.737896
0.739028
0.740159
0.741289
0.742417
0.743545
0.744671
0.745796
0.74692
0.748043
0.749165
0.750285
0.751404
0.752523
0.75364
0.754756
0.75587
0.756984
0.758096
0.759208
0.760318
0.761426
0.762534
0.763641
0.764746
0.76585
0.766953
0.768055
0.769156
0.770255
0.771353
0.77245
0.773546
0.774641
0.775734
0.776827
0.777918
0.779008
0.780096
0.781184
0.78227
0.783355
0.784439
0.785522
0.786603
0.787683
0.788762
0.78984
0.790917
0.791992
0.793066
0.794139
0.795211
0.796281
0.79735
0.798418
0.799485
0.800551
0.801615
0.802678
0.80374
0.8048
0.80586
0.806918
0.807975
0.80903
0.810084
0.811138
0.812189
0.81324
0.814289
0.815337
0.816384
0.81743
0.818474
0.819517
0.820559
0.8216
0.822639
0.823677
0.824713
0.825749
0.826783
0.827816
0.828848
0.829878
0.830907
0.831935
0.832961
0.833986
0.83501
0.836033
0.837054
0.838074
0.839093
0.840111
0.841127
0.842142
0.843155
0.844168
0.845179
0.846188
0.847197
0.848204
0.849209
0.850214
0.851217
0.852219
0.853219
0.854218
0.855216
0.856213
0.857208
0.858202
0.859195
0.860186
0.861176
0.862164
0.863152
0.864138
0.865122
0.866106
0.867087
0.868068
0.869047
0.870025
0.871002
0.871977
0.872951
0.873924
0.874895
0.875865
0.876833
0.8778
0.878766
0.879731
0.880694
0.881655
0.882616
0.883575
0.884532
0.885489
0.886444
0.887397
0.888349
0.8893
0.89025
0.891198
0.892144
0.89309
0.894034
0.894976
0.895917
0.896857
0.897796
0.898733
0.899668
0.900603
0.901536
0.902467
0.903397
0.904326
0.905253
0.906179
0.907104
0.908027
0.908949
0.909869
0.910788
0.911705
0.912621
0.913536
0.914449
0.915361
0.916272
0.917181
0.918089
0.918995
0.9199
0.920803
0.921705
0.922606
0.923505
0.924402
0.925299
0.926194
0.927087
0.927979
0.92887
0.929759
0.930646
0.931533
0.932418
0.933301
0.934183
0.935064
0.935943
0.93682
0.937696
0.938571
0.939445
0.940316
0.941187
0.942056
0.942923
0.943789
0.944654
0.945517
0.946379
0.947239
0.948098
0.948955
0.949811
0.950665
0.951518
0.95237
0.95322
0.954068
0.954915
0.955761
0.956605
0.957448
0.958289
0.959129
0.959967
0.960803
0.961639
0.962472
0.963305
0.964136
0.964965
0.965793
0.966619
0.967444
0.968267
0.969089
0.969909
0.970728
0.971546
0.972362
0.973176
0.973989
0.9748
0.97561
0.976419
0.977225
0.978031
0.978835
0.979637
0.980438
0.981237
0.982035
0.982831
0.983626
0.984419
0.985211
0.986001
0.98679
0.987577
0.988363
0.989147
0.98993
0.990711
0.991491
0.992269
0.993045
0.99382
0.994594
0.995366
0.996136
0.996905
0.997672
0.998438
0.999202
0.999965
1.00073
1.00149
1.00224
1.003
1.00376
1.00451
1.00526
1.00601
1.00674
1.00747
1.00818
1.00888
1.00956
1.01024
1.0109
1.01154
1.01218
1.0128
1.01341
1.01401
1.0146
1.01517
1.01573
1.01628
1.01681
1.01733
1.01784
1.01834
1.01883
1.0193
1.01976
1.0202
1.02064
1.02106
1.02147
1.02186
1.02225
1.02262
1.02298
1.02332
1.02365
1.02397
1.02428
1.02458
1.02486
1.02513
1.02538
1.02563
1.02586
1.02608
1.02628
1.02648
1.02666
1.02682
1.02698
1.02712
1.02725
1.02736
1.02747
1.02756
1.02764
1.0277
1.02776
1.0278
1.02782
1.02784
1.02784
1.02783
1.02781
1.02777
1.02772
1.02766
1.02758
1.0275
1.0274
1.02728
1.02716
1.02702
1.02687
1.02671
1.02653
1.02634
1.02614
1.02592
1.0257
1.02546
1.0252
1.02494
1.02466
1.02437
1.02406
1.02375
1.02342
1.02308
1.02272
1.02236
1.02198
1.02158
1.02118
1.02076
1.02033
1.01989
1.01943
1.01896
1.01848
1.01799
1.01748
1.01697
1.01643
1.01589
1.01533
1.01476
1.01418
1.01359
1.01298
1.01236
1.01173
1.01109
1.01043
1.00976
1.00908
1.00838
1.00767
1.00696
1.00622
1.00548
1.00472
1.00395
1.00317
1.00238
1.00157
1.00075
0.999919
0.999075
0.998218
0.99735
0.996468
0.995575
0.994669
0.993751
0.992821
0.991878
0.990923
0.989956
0.988976
0.987984
0.98698
0.985964
0.984935
0.983894
0.982841
0.981776
0.980699
0.979609
0.978508
0.977394
0.976268
0.97513
0.97398
0.972818
0.971644
0.970457
0.969259
0.968049
0.966827
0.965592
0.964346
0.963088
0.961818
0.960536
0.959242
0.957936
0.956618
0.955288
0.953947
0.952594
0.951229
0.949852
0.948463
0.947063
0.94565
0.944227
0.942791
0.941344
0.939885
0.938414
0.936932
0.935438
0.933933
0.932416
0.930887
0.929347
0.927795
0.926232
0.924658
0.923072
0.921474
0.919865
0.918245
0.916613
0.91497
0.913315
0.91165
0.909973
0.908284
0.906585
0.904874
0.903152
0.901418
0.899674
0.897918
0.896152
0.894374
0.892585
0.890785
0.888974
0.887152
0.885319
0.883475
0.88162
0.879754
0.877877
0.875989
0.87409
0.872181
0.870261
0.86833
0.866388
0.864435
0.862472
0.860498
0.858514
0.856518
0.854512
0.852496
0.850469
0.848431
0.846383
0.844325
0.842256
0.840176
0.838086
0.835986
0.833875
0.831754
0.829623
0.827481
0.825329
0.823167
0.820995
0.818812
0.816619
0.814417
0.812204
0.809981
0.807748
0.805505
0.803252
0.800989
0.798716
0.796433
0.79414
0.791838
0.789525
0.787203
0.784871
0.78253
0.780178
0.777817
0.775447
0.773066
0.770676
0.768277
0.765868
0.763449
0.761022
0.758584
0.756137
0.753681
0.751216
0.748741
0.746257
0.743763
0.741261
0.738749
0.736228
0.733698
0.731159
0.728611
0.726053
0.723487
0.720912
0.718328
0.715734
0.713132
0.710522
0.707902
0.705273
0.702636
0.69999
0.697336
0.694673
0.692001
0.68932
0.686631
0.683934
0.681228
0.678513
0.675791
0.673059
0.67032
0.667572
0.664816
0.662051
0.659279
0.656498
0.653709
0.650912
0.648106
0.645293
0.642472
0.639643
0.636806
0.633961
0.631108
0.628247
0.625379
0.622502
0.619618
0.616727
0.613827
0.61092
0.608006
0.605084
0.602154
0.599217
0.596273
0.593321
0.590361
0.587395
0.584421
0.58144
0.578451
0.575456
0.572453
0.569444
0.566427
0.563403
0.560372
0.557334
0.554289
0.551238
0.548179
0.545114
0.542042
0.538963
0.535878
0.532786
0.529687
0.526582
0.52347
0.520351
0.517227
0.514095
0.510958
0.507814
0.504664
0.501507
0.498344
0.495175
0.492
0.488819
0.485632
0.482438
0.479239
0.476034
0.472823
0.469606
0.466383
0.463154
0.45992
0.45668
0.453434
0.450182
0.446925
0.443663
0.440395
0.437121
0.433842
0.430558
0.427268
0.423973
0.420673
0.417367
0.414056
0.410741
0.40742
0.404094
0.400763
0.397426
0.394086
0.39074
0.387389
0.384033
0.380673
0.377308
0.373938
0.370564
0.367185
0.363801
0.360413
0.35702
0.353623
0.350222
0.346816
0.343406
0.339992
0.336573
0.33315
0.329723
0.326292
0.322857
0.319418
0.315975
0.312528
0.309077
0.305622
0.302164
0.298701
0.295235
0.291766
0.288292
0.284815
0.281335
0.277851
0.274363
0.270872
0.267378
0.263881
0.26038
0.256876
0.253368
0.249858
0.246344
0.242827
0.239308
0.235785
0.232259
0.228731
0.2252
0.221665
0.218128
0.214589
0.211046
0.207501
0.203954
0.200404
0.196851
0.193296
0.189738
0.186178
0.182616
0.179052
0.175485
0.171916
0.168345
0.164772
0.161197
0.157619
0.15404
0.150459
0.146876
0.143291
0.139704
0.136116
0.132526
0.128934
0.12534
0.121745
0.118149
0.114551
0.110951
0.10735
0.103748
0.100144
0.0965396
0.0929336
0.0893264
0.0857181
0.0821087
0.0784982
0.0748867
0.0712743
0.067661
0.0640469
0.0604319
0.0568161
0.0531996
0.0495824
0.0459646
0.0423462
0.0387273
0.0351078
0.0314879
0.0278675
0.0242468
0.0206258
0.0170045
0.013383
0.00976123
0.00613935
0.00251737
-0.00110466
-0.00472671
-0.00834872
-0.0119707
-0.0155925
-0.0192141
-0.0228355
-0.0264567
-0.0300776
-0.0336981
-0.0373182
-0.0409379
-0.0445572
-0.0481758
-0.051794
-0.0554115
-0.0590283
-0.0626444
-0.0662598
-0.0698744
-0.0734882
-0.077101
-0.080713
-0.0843239
-0.0879339
-0.0915427
-0.0951505
-0.0987571
-0.102363
-0.105967
-0.10957
-0.113171
-0.116771
-0.12037
-0.123967
-0.127563
-0.131158
-0.13475
-0.138341
-0.14193
-0.145518
-0.149104
-0.152688
-0.15627
-0.15985
-0.163428
-0.167005
-0.170579
-0.174151
-0.177721
-0.181289
-0.184855
-0.188418
-0.191979
-0.195538
-0.199094
-0.202648
-0.206199
-0.209748
-0.213294
-0.216838
-0.220379
-0.223917
-0.227453
-0.230986
-0.234515
-0.238043
-0.241567
-0.245088
-0.248606
-0.252121
-0.255633
-0.259142
-0.262648
-0.26615
-0.269649
-0.273145
-0.276638
-0.280127
-0.283613
-0.287095
-0.290573
-0.294048
-0.29752
-0.300988
-0.304452
-0.307912
-0.311369
-0.314822
-0.318271
-0.321716
-0.325157
-0.328594
-0.332027
-0.335455
-0.33888
-0.342301
-0.345717
-0.349129
-0.352537
-0.355941
-0.35934
-0.362734
-0.366125
-0.36951
-0.372892
-0.376268
-0.37964
-0.383007
-0.38637
-0.389728
-0.393081
-0.396429
-0.399772
-0.40311
-0.406444
-0.409772
-0.413095
-0.416414
-0.419727
-0.423035
-0.426337
-0.429635
-0.432927
-0.436214
-0.439495
-0.442771
-0.446042
-0.449307
-0.452566
-0.45582
-0.459069
-0.462311
-0.465548
-0.46878
-0.472005
-0.475225
-0.478438
-0.481646
-0.484848
-0.488044
-0.491234
-0.494418
-0.497596
-0.500768
-0.503933
-0.507092
-0.510245
-0.513392
-0.516532
-0.519666
-0.522794
-0.525915
-0.52903
-0.532138
-0.535239
-0.538334
-0.541423
-0.544504
-0.547579
-0.550647
-0.553709
-0.556763
-0.559811
-0.562852
-0.565885
-0.568912
-0.571932
-0.574945
-0.57795
-0.580949
-0.58394
-0.586924
-0.589901
-0.592871
-0.595833
-0.598788
-0.601735
-0.604675
-0.607608
-0.610533
-0.613451
-0.616361
-0.619263
-0.622158
-0.625045
-0.627924
-0.630796
-0.63366
-0.636516
-0.639364
-0.642204
-0.645036
-0.64786
-0.650677
-0.653485
-0.656285
-0.659077
-0.661861
-0.664637
-0.667405
-0.670164
-0.672915
-0.675658
-0.678392
-0.681118
-0.683836
-0.686545
-0.689245
-0.691938
-0.694621
-0.697296
-0.699963
-0.70262
-0.705269
-0.70791
-0.710541
-0.713164
-0.715778
-0.718383
-0.72098
-0.723567
-0.726145
-0.728715
-0.731275
-0.733827
-0.736369
-0.738902
-0.741426
-0.743941
-0.746447
-0.748943
-0.751431
-0.753909
-0.756377
-0.758837
-0.761286
-0.763727
-0.766158
-0.76858
-0.770992
-0.773394
-0.775787
-0.778171
-0.780544
-0.782908
-0.785263
-0.787608
-0.789943
-0.792268
-0.794583
-0.796889
-0.799184
-0.80147
-0.803746
-0.806012
-0.808268
-0.810514
-0.81275
-0.814976
-0.817192
-0.819398
-0.821594
-0.823779
-0.825954
-0.828119
-0.830274
-0.832419
-0.834553
-0.836677
-0.838791
-0.840894
-0.842987
-0.845069
-0.847141
-0.849202
-0.851253
-0.853294
-0.855324
-0.857343
-0.859352
-0.86135
-0.863337
-0.865314
-0.86728
-0.869235
-0.871179
-0.873113
-0.875036
-0.876948
-0.878849
-0.88074
-0.882619
-0.884488
-0.886345
-0.888192
-0.890028
-0.891852
-0.893666
-0.895468
-0.89726
-0.89904
-0.900809
-0.902567
-0.904314
-0.90605
-0.907774
-0.909488
-0.91119
-0.91288
-0.91456
-0.916228
-0.917885
-0.91953
-0.921164
-0.922787
-0.924398
-0.925997
-0.927586
-0.929163
-0.930728
-0.932282
-0.933824
-0.935354
-0.936873
-0.938381
-0.939877
-0.941361
-0.942834
-0.944295
-0.945744
-0.947181
-0.948607
-0.950021
-0.951423
-0.952814
-0.954192
-0.955559
-0.956914
-0.958257
-0.959589
-0.960908
-0.962216
-0.963511
-0.964795
-0.966067
-0.967327
-0.968574
-0.96981
-0.971034
-0.972246
-0.973445
-0.974633
-0.975809
-0.976972
-0.978124
-0.979263
-0.98039
-0.981505
-0.982608
-0.983698
-0.984777
-0.985843
-0.986897
-0.987939
-0.988969
-0.989986
-0.990991
-0.991984
-0.992965
-0.993933
-0.994889
-0.995832
-0.996764
-0.997683
-0.998589
-0.999483
-1.00037
-1.00123
-1.00209
-1.00294
-1.00377
-1.00459
-1.0054
-1.00619
-1.00697
-1.00774
-1.0085
-1.00924
-1.00998
-1.0107
-1.0114
-1.0121
-1.01278
-1.01345
-1.01411
-1.01475
-1.01538
-1.016
-1.01661
-1.01721
-1.01779
-1.01836
-1.01891
-1.01946
-1.01999
-1.02051
-1.02101
-1.0215
-1.02199
-1.02245
-1.02291
-1.02335
-1.02378
-1.0242
-1.0246
-1.02499
-1.02537
-1.02574
-1.02609
-1.02643
-1.02676
-1.02708
-1.02738
-1.02767
-1.02795
-1.02821
-1.02846
-1.0287
-1.02893
-1.02914
-1.02934
-1.02953
-1.02971
-1.02987
-1.03002
-1.03016
-1.03028
-1.03039
-1.03049
-1.03058
-1.03065
-1.03071
-1.03076
-1.03079
-1.03081
-1.03082
-1.03082
-1.0308
-1.03077
-1.03073
-1.03068
-1.03061
-1.03053
-1.03043
-1.03033
-1.03021
-1.03008
-1.02993
-1.02978
-1.02961
-1.02942
-1.02923
-1.02902
-1.0288
-1.02857
-1.02832
-1.02806
-1.02779
-1.0275
-1.02721
-1.0269
-1.02657
-1.02624
-1.02589
-1.02553
-1.02516
-1.02477
-1.02437
-1.02396
-1.02353
-1.0231
-1.02265
-1.02218
-1.02171
-1.02122
-1.02072
-1.02021
-1.01968
-1.01914
-1.01859
-1.01803
-1.01745
-1.01686
-1.01626
-1.01564
-1.01502
-1.01438
-1.01372
-1.01306
-1.01238
-1.01169
-1.01099
-1.01027
-1.00955
-1.00881
-1.00806
-1.0073
-1.00655
-1.00579
-1.00504
-1.00428
-1.00352
-1.00275
-1.00199
-1.00123
-1.00046
-0.999691
-0.998921
-0.99815
-0.997377
-0.996602
-0.995827
-0.995049
-0.99427
-0.99349
-0.992707
-0.991924
-0.991139
-0.990352
-0.989564
-0.988774
-0.987983
-0.98719
-0.986396
-0.9856
-0.984803
-0.984004
-0.983203
-0.982402
-0.981598
-0.980793
-0.979987
-0.979179
-0.978369
-0.977558
-0.976746
-0.975932
-0.975116
-0.974299
-0.973481
-0.972661
-0.971839
-0.971016
-0.970191
-0.969365
-0.968538
-0.967709
-0.966878
-0.966046
-0.965213
-0.964378
-0.963541
-0.962703
-0.961864
-0.961023
-0.96018
-0.959336
-0.958491
-0.957644
-0.956795
-0.955946
-0.955094
-0.954241
-0.953387
-0.952531
-0.951674
-0.950815
-0.949955
-0.949093
-0.94823
-0.947366
-0.9465
-0.945632
-0.944763
-0.943893
-0.943021
-0.942147
-0.941273
-0.940396
-0.939519
-0.93864
-0.937759
-0.936877
-0.935993
-0.935108
-0.934222
-0.933334
-0.932445
-0.931554
-0.930662
-0.929768
-0.928873
-0.927977
-0.927079
-0.926179
-0.925279
-0.924376
-0.923473
-0.922568
-0.921661
-0.920753
-0.919844
-0.918933
-0.918021
-0.917107
-0.916192
-0.915276
-0.914358
-0.913439
-0.912518
-0.911596
-0.910672
-0.909747
-0.908821
-0.907893
-0.906964
-0.906034
-0.905102
-0.904168
-0.903234
-0.902297
-0.90136
-0.900421
-0.899481
-0.898539
-0.897596
-0.896651
-0.895706
-0.894758
-0.89381
-0.89286
-0.891908
-0.890956
-0.890001
-0.889046
-0.888089
-0.887131
-0.886171
-0.88521
-0.884248
-0.883284
-0.882319
-0.881352
-0.880384
-0.879415
-0.878445
-0.877473
-0.8765
-0.875525
-0.874549
-0.873572
-0.872593
-0.871613
-0.870631
-0.869649
-0.868665
-0.867679
-0.866692
-0.865704
-0.864715
-0.863724
-0.862732
-0.861739
-0.860744
-0.859748
-0.85875
-0.857752
-0.856751
-0.85575
-0.854747
-0.853743
-0.852738
-0.851731
-0.850723
-0.849714
-0.848703
-0.847691
-0.846678
-0.845663
-0.844647
-0.84363
-0.842612
-0.841592
-0.840571
-0.839548
-0.838525
-0.8375
-0.836474
-0.835446
-0.834417
-0.833387
-0.832355
-0.831323
-0.830289
-0.829253
-0.828217
-0.827179
-0.82614
-0.825099
-0.824058
-0.823015
-0.82197
-0.820925
-0.819878
-0.81883
-0.817781
-0.81673
-0.815678
-0.814625
-0.813571
-0.812515
-0.811458
-0.8104
-0.809341
-0.80828
-0.807218
-0.806155
-0.805091
-0.804025
-0.802958
-0.80189
-0.800821
-0.79975
-0.798678
-0.797605
-0.796531
-0.795455
-0.794379
-0.793301
-0.792221
-0.791141
-0.790059
-0.788976
-0.787892
-0.786807
-0.78572
-0.784633
-0.783544
-0.782454
-0.781362
-0.78027
-0.779176
-0.778081
-0.776984
-0.775887
-0.774788
-0.773689
-0.772588
-0.771485
-0.770382
-0.769277
-0.768172
-0.767065
-0.765957
-0.764847
-0.763737
-0.762625
-0.761512
-0.760398
-0.759283
-0.758166
-0.757049
-0.75593
-0.75481
-0.753689
-0.752567
-0.751443
-0.750319
-0.749193
-0.748066
-0.746938
-0.745809
-0.744678
-0.743547
-0.742414
-0.741281
-0.740146
-0.739009
-0.737872
-0.736734
-0.735594
-0.734454
-0.733312
-0.732169
-0.731025
-0.72988
-0.728733
-0.727586
-0.726437
-0.725288
-0.724137
-0.722985
-0.721832
-0.720678
-0.719522
-0.718366
-0.717208
-0.71605
-0.71489
-0.713729
-0.712567
-0.711404
-0.71024
-0.709075
-0.707908
-0.706741
-0.705572
-0.704403
-0.703232
-0.70206
-0.700887
-0.699713
-0.698538
-0.697362
-0.696185
-0.695007
-0.693827
-0.692647
-0.691465
-0.690283
-0.689099
-0.687915
-0.686729
-0.685542
-0.684354
-0.683165
-0.681975
-0.680784
-0.679592
-0.678399
-0.677205
-0.676009
-0.674813
-0.673616
-0.672417
-0.671218
-0.670017
-0.668816
-0.667613
-0.66641
-0.665205
-0.663999
-0.662793
-0.661585
-0.660376
-0.659167
-0.657956
-0.656744
-0.655531
-0.654318
-0.653103
-0.651887
-0.65067
-0.649452
-0.648233
-0.647014
-0.645793
-0.644571
-0.643348
-0.642124
-0.640899
-0.639674
-0.638447
-0.637219
-0.63599
-0.63476
-0.63353
-0.632298
-0.631065
-0.629832
-0.628597
-0.627361
-0.626125
-0.624887
-0.623649
-0.622409
-0.621169
-0.619927
-0.618685
-0.617441
-0.616197
-0.614952
-0.613706
-0.612459
-0.611211
-0.609961
-0.608711
-0.607461
-0.606209
-0.604956
-0.603702
-0.602448
-0.601192
-0.599935
-0.598678
-0.59742
-0.59616
-0.5949
-0.593639
-0.592377
-0.591114
-0.58985
-0.588585
-0.587319
-0.586053
-0.584785
-0.583517
-0.582247
-0.580977
-0.579706
-0.578434
-0.577161
-0.575887
-0.574612
-0.573337
-0.57206
-0.570783
-0.569505
-0.568226
-0.566946
-0.565665
-0.564383
-0.5631
-0.561817
-0.560532
-0.559247
-0.557961
-0.556674
-0.555386
-0.554097
-0.552808
-0.551517
-0.550226
-0.548934
-0.547641
-0.546347
-0.545053
-0.543757
-0.542461
-0.541164
-0.539866
-0.538567
-0.537267
-0.535966
-0.534665
-0.533363
-0.53206
-0.530756
-0.529451
-0.528146
-0.52684
-0.525533
-0.524225
-0.522916
-0.521606
-0.520296
-0.518985
-0.517673
-0.51636
-0.515047
-0.513732
-0.512417
-0.511101
-0.509785
-0.508467
-0.507149
-0.50583
-0.50451
-0.503189
-0.501868
-0.500546
-0.499223
-0.497899
-0.496574
-0.495249
-0.493923
-0.492596
-0.491269
-0.48994
-0.488611
-0.487281
-0.485951
-0.484619
-0.483287
-0.481955
-0.480621
-0.479287
-0.477952
-0.476616
-0.475279
-0.473942
-0.472604
-0.471265
-0.469926
-0.468585
-0.467244
-0.465903
-0.46456
-0.463217
-0.461874
-0.460529
-0.459184
-0.457838
-0.456491
-0.455144
-0.453796
-0.452447
-0.451097
-0.449747
-0.448396
-0.447045
-0.445693
-0.44434
-0.442986
-0.441632
-0.440277
-0.438921
-0.437565
-0.436208
-0.43485
-0.433492
-0.432133
-0.430773
-0.429412
-0.428051
-0.42669
-0.425327
-0.423964
-0.422601
-0.421236
-0.419871
-0.418506
-0.417139
-0.415772
-0.414405
-0.413037
-0.411668
-0.410298
-0.408928
-0.407557
-0.406186
-0.404814
-0.403441
-0.402068
-0.400694
-0.39932
-0.397945
-0.396569
-0.395192
-0.393815
-0.392438
-0.39106
-0.389681
-0.388302
-0.386922
-0.385541
-0.38416
-0.382778
-0.381396
-0.380013
-0.378629
-0.377245
-0.37586
-0.374475
-0.373089
-0.371703
-0.370316
-0.368928
-0.36754
-0.366151
-0.364762
-0.363372
-0.361981
-0.36059
-0.359199
-0.357807
-0.356414
-0.355021
-0.353627
-0.352233
-0.350838
-0.349443
-0.348047
-0.34665
-0.345253
-0.343856
-0.342457
-0.341059
-0.33966
-0.33826
-0.33686
-0.335459
-0.334058
-0.332656
-0.331254
-0.329851
-0.328448
-0.327044
-0.32564
-0.324235
-0.32283
-0.321424
-0.320018
-0.318611
-0.317204
-0.315796
-0.314388
-0.312979
-0.31157
-0.31016
-0.30875
-0.307339
-0.305928
-0.304516
-0.303104
-0.301692
-0.300279
-0.298865
-0.297451
-0.296037
-0.294622
-0.293207
-0.291791
-0.290374
-0.288958
-0.287541
-0.286123
-0.284705
-0.283287
-0.281868
-0.280448
-0.279029
-0.277608
-0.276188
-0.274767
-0.273345
-0.271923
-0.270501
-0.269078
-0.267655
-0.266232
-0.264808
-0.263383
-0.261959
-0.260533
-0.259108
-0.257682
-0.256255
-0.254829
-0.253401
-0.251974
-0.250546
-0.249117
-0.247689
-0.24626
-0.24483
-0.2434
-0.24197
-0.240539
-0.239108
-0.237677
-0.236245
-0.234813
-0.233381
-0.231948
-0.230515
-0.229081
-0.227647
-0.226213
-0.224778
-0.223343
-0.221908
-0.220472
-0.219036
-0.2176
-0.216163
-0.214726
-0.213289
-0.211851
-0.210413
-0.208975
-0.207537
-0.206098
-0.204658
-0.203219
-0.201779
-0.200339
-0.198898
-0.197457
-0.196016
-0.194575
-0.193133
-0.191691
-0.190249
-0.188806
-0.187363
-0.18592
-0.184476
-0.183033
-0.181589
-0.180144
-0.1787
-0.177255
-0.17581
-0.174364
-0.172918
-0.171472
-0.170026
-0.16858
-0.167133
-0.165686
-0.164239
-0.162791
-0.161343
-0.159895
-0.158447
-0.156998
-0.15555
-0.154101
-0.152651
-0.151202
-0.149752
-0.148302
-0.146852
-0.145402
-0.143951
-0.1425
-0.141049
-0.139598
-0.138146
-0.136695
-0.135243
-0.13379
-0.132338
-0.130886
-0.129433
-0.12798
-0.126527
-0.125073
-0.12362
-0.122166
-0.120712
-0.119258
-0.117804
-0.116349
-0.114895
-0.11344
-0.111985
-0.11053
-0.109074
-0.107619
-0.106163
-0.104707
-0.103251
-0.101795
-0.100339
-0.0988823
-0.0974257
-0.0959689
-0.094512
-0.0930549
-0.0915977
-0.0901404
-0.0886829
-0.0872252
-0.0857675
-0.0843096
-0.0828515
-0.0813934
-0.0799351
-0.0784767
-0.0770181
-0.0755595
-0.0741007
-0.0726419
-0.0711829
-0.0697238
-0.0682646
-0.0668052
-0.0653458
-0.0638863
-0.0624267
-0.060967
-0.0595072
-0.0580473
-0.0565873
-0.0551272
-0.0536671
-0.0522068
-0.0507465
-0.0492861
-0.0478256
-0.0463651
-0.0449045
-0.0434438
-0.041983
-0.0405222
-0.0390613
-0.0376004
-0.0361394
-0.0346783
-0.0332172
-0.0317561
-0.0302949
-0.0288336
-0.0273723
-0.025911
-0.0244496
-0.0229882
-0.0215267
-0.0200652
-0.0186037
-0.0171422
-0.0156806
-0.014219
-0.0127574
-0.0112957
-0.00983409
-0.00837242
-0.00691074
-0.00544905
-0.00398735
-0.00252565
-0.00106394
0.000397767
0.00185947
0.00332118
0.00478288
0.00624457
0.00770625
0.00916792
0.0106296
0.0120912
0.0135528
0.0150144
0.016476
0.0179375
0.0193991
0.0208605
0.022322
0.0237834
0.0252448
0.0267061
0.0281674
0.0296287
0.0310899
0.0325511
0.0340122
0.0354733
0.0369343
0.0383952
0.0398561
0.0413169
0.0427777
0.0442384
0.045699
0.0471595
0.04862
0.0500804
0.0515407
0.053001
0.0544612
0.0559212
0.0573812
0.0588411
0.0603009
0.0617607
0.0632203
0.0646798
0.0661392
0.0675985
0.0690578
0.0705169
0.0719759
0.0734347
0.0748935
0.0763522
0.0778107
0.0792691
0.0807274
0.0821856
0.0836436
0.0851015
0.0865593
0.088017
0.0894745
0.0909318
0.0923891
0.0938461
0.0953031
0.0967599
0.0982165
0.099673
0.101129
0.102586
0.104042
0.105497
0.106953
0.108409
0.109864
0.111319
0.112774
0.114229
0.115684
0.117138
0.118592
0.120047
0.121501
0.122954
0.124408
0.125861
0.127314
0.128767
0.13022
0.131673
0.133125
0.134577
0.136029
0.137481
0.138932
0.140384
0.141835
0.143286
0.144736
0.146187
0.147637
0.149087
0.150537
0.151986
0.153435
0.154884
0.156333
0.157782
0.15923
0.160678
0.162126
0.163573
0.165021
0.166468
0.167915
0.169361
0.170807
0.172253
0.173699
0.175145
0.17659
0.178035
0.179479
0.180924
0.182368
0.183812
0.185255
0.186698
0.188141
0.189584
0.191026
0.192468
0.19391
0.195352
0.196793
0.198234
0.199674
0.201114
0.202554
0.203994
0.205433
0.206872
0.208311
0.209749
0.211187
0.212625
0.214062
0.215499
0.216936
0.218372
0.219808
0.221244
0.222679
0.224114
0.225549
0.226983
0.228417
0.229851
0.231284
0.232717
0.23415
0.235582
0.237013
0.238445
0.239876
0.241307
0.242737
0.244167
0.245596
0.247026
0.248454
0.249883
0.251311
0.252738
0.254166
0.255592
0.257019
0.258445
0.259871
0.261296
0.262721
0.264145
0.265569
0.266993
0.268416
0.269839
0.271261
0.272683
0.274105
0.275526
0.276946
0.278367
0.279787
0.281206
0.282625
0.284043
0.285461
0.286879
0.288296
0.289713
0.291129
0.292545
0.293961
0.295376
0.29679
0.298204
0.299618
0.301031
0.302443
0.303855
0.305267
0.306678
0.308089
0.309499
0.310909
0.312318
0.313727
0.315136
0.316543
0.317951
0.319358
0.320764
0.32217
0.323575
0.32498
0.326385
0.327788
0.329192
0.330595
0.331997
0.333399
0.3348
0.336201
0.337601
0.339001
0.3404
0.341799
0.343197
0.344595
0.345992
0.347388
0.348785
0.35018
0.351575
0.352969
0.354363
0.355757
0.357149
0.358542
0.359933
0.361324
0.362715
0.364105
0.365494
0.366883
0.368271
0.369659
0.371046
0.372433
0.373819
0.375204
0.376589
0.377973
0.379357
0.38074
0.382123
0.383505
0.384886
0.386267
0.387647
0.389026
0.390405
0.391783
0.393161
0.394538
0.395915
0.397291
0.398666
0.400041
0.401415
0.402788
0.404161
0.405533
0.406904
0.408275
0.409646
0.411015
0.412384
0.413753
0.41512
0.416487
0.417854
0.41922
0.420585
0.421949
0.423313
0.424676
0.426039
0.427401
0.428762
0.430123
0.431482
0.432842
0.4342
0.435558
0.436915
0.438272
0.439628
0.440983
0.442337
0.443691
0.445044
0.446397
0.447748
0.449099
0.45045
0.4518
0.453148
0.454497
0.455844
0.457191
0.458537
0.459883
0.461227
0.462571
0.463915
0.465257
0.466599
0.46794
0.469281
0.47062
0.471959
0.473298
0.474635
0.475972
0.477308
0.478643
0.479978
0.481312
0.482645
0.483977
0.485309
0.486639
0.48797
0.489299
0.490627
0.491955
0.493282
0.494609
0.495934
0.497259
0.498583
0.499906
0.501228
0.50255
0.503871
0.505191
0.50651
0.507829
0.509147
0.510464
0.51178
0.513095
0.51441
0.515724
0.517037
0.518349
0.51966
0.520971
0.522281
0.52359
0.524898
0.526205
0.527512
0.528818
0.530123
0.531427
0.53273
0.534033
0.535334
0.536635
0.537935
0.539234
0.540532
0.54183
0.543127
0.544422
0.545717
0.547012
0.548305
0.549597
0.550889
0.55218
0.553469
0.554758
0.556047
0.557334
0.55862
0.559906
0.561191
0.562475
0.563758
0.56504
0.566321
0.567601
0.568881
0.570159
0.571437
0.572714
0.57399
0.575265
0.576539
0.577812
0.579085
0.580356
0.581627
0.582897
0.584166
0.585433
0.5867
0.587967
0.589232
0.590496
0.591759
0.593022
0.594283
0.595544
0.596804
0.598063
0.59932
0.600577
0.601833
0.603088
0.604343
0.605596
0.606848
0.608099
0.60935
0.610599
0.611848
0.613095
0.614342
0.615588
0.616832
0.618076
0.619319
0.620561
0.621802
0.623042
0.624281
0.625519
0.626756
0.627992
0.629227
0.630461
0.631694
0.632926
0.634158
0.635388
0.636617
0.637845
0.639073
0.640299
0.641524
0.642749
0.643972
0.645194
0.646416
0.647636
0.648855
0.650074
0.651291
0.652507
0.653723
0.654937
0.65615
0.657363
0.658574
0.659784
0.660993
0.662202
0.663409
0.664615
0.66582
0.667024
0.668227
0.669429
0.67063
0.67183
0.673029
0.674227
0.675424
0.67662
0.677815
0.679008
0.680201
0.681393
0.682583
0.683773
0.684961
0.686149
0.687335
0.68852
0.689705
0.690888
0.69207
0.693251
0.694431
0.69561
0.696788
0.697964
0.69914
0.700315
0.701488
0.702661
0.703832
0.705002
0.706171
0.707339
0.708506
0.709672
0.710837
0.712001
0.713163
0.714325
0.715485
0.716645
0.717803
0.71896
0.720116
0.721271
0.722425
0.723577
0.724729
0.725879
0.727028
0.728176
0.729324
0.730469
0.731614
0.732758
0.7339
0.735042
0.736182
0.737321
0.738459
0.739596
0.740732
0.741866
0.743
0.744132
0.745263
0.746393
0.747522
0.748649
0.749776
0.750901
0.752025
0.753148
0.75427
0.755391
0.756511
0.757629
0.758746
0.759862
0.760977
0.762091
0.763203
0.764315
0.765425
0.766534
0.767641
0.768748
0.769853
0.770958
0.772061
0.773163
0.774263
0.775363
0.776461
0.777558
0.778654
0.779749
0.780842
0.781934
0.783025
0.784115
0.785204
0.786291
0.787377
0.788462
0.789546
0.790629
0.79171
0.79279
0.793869
0.794947
0.796023
0.797099
0.798173
0.799245
0.800317
0.801387
0.802456
0.803524
0.804591
0.805656
0.80672
0.807783
0.808844
0.809905
0.810964
0.812022
0.813078
0.814134
0.815188
0.816241
0.817292
0.818343
0.819392
0.820439
0.821486
0.822531
0.823575
0.824618
0.825659
0.8267
0.827738
0.828776
0.829812
0.830847
0.831881
0.832914
0.833945
0.834975
0.836004
0.837031
0.838057
0.839082
0.840105
0.841127
0.842148
0.843168
0.844186
0.845203
0.846219
0.847233
0.848246
0.849258
0.850268
0.851278
0.852285
0.853292
0.854297
0.855301
0.856304
0.857305
0.858305
0.859303
0.860301
0.861297
0.862291
0.863285
0.864276
0.865267
0.866256
0.867244
0.868231
0.869216
0.8702
0.871183
0.872164
0.873144
0.874123
0.8751
0.876076
0.87705
0.878023
0.878995
0.879966
0.880935
0.881902
0.882869
0.883834
0.884797
0.88576
0.886721
0.88768
0.888638
0.889595
0.890551
0.891505
0.892457
0.893409
0.894359
0.895307
0.896255
0.8972
0.898145
0.899088
0.900029
0.90097
0.901909
0.902846
0.903782
0.904717
0.90565
0.906582
0.907513
0.908442
0.909369
0.910296
0.911221
0.912144
0.913066
0.913987
0.914906
0.915824
0.916741
0.917656
0.918569
0.919482
0.920392
0.921302
0.92221
0.923116
0.924021
0.924925
0.925827
0.926728
0.927628
0.928526
0.929422
0.930317
0.931211
0.932103
0.932994
0.933884
0.934771
0.935658
0.936543
0.937427
0.938309
0.93919
0.940069
0.940947
0.941823
0.942698
0.943571
0.944443
0.945314
0.946183
0.947051
0.947917
0.948782
0.949645
0.950507
0.951367
0.952226
0.953083
0.953939
0.954794
0.955647
0.956498
0.957348
0.958197
0.959044
0.95989
0.960734
0.961577
0.962418
0.963257
0.964096
0.964932
0.965768
0.966601
0.967434
0.968264
0.969094
0.969922
0.970748
0.971573
0.972396
0.973218
0.974038
0.974857
0.975674
0.97649
0.977304
0.978117
0.978928
0.979738
0.980546
0.981353
0.982158
0.982962
0.983764
0.984565
0.985364
0.986162
0.986958
0.987753
0.988546
0.989337
0.990127
0.990916
0.991703
0.992489
0.993272
0.994055
0.994836
0.995615
0.996393
0.997169
0.997944
0.998717
0.999489
1.00026
1.00103
1.00179
1.00256
1.00332
1.00409
1.00485
1.00561
1.00636
1.00712
1.00788
1.00863
1.00938
1.01013
1.01086
1.01158
1.01229
1.01298
1.01367
1.01434
1.01499
1.01564
1.01627
1.01689
1.0175
1.01809
1.01868
1.01925
1.0198
1.02035
1.02088
1.0214
1.0219
1.0224
1.02288
1.02335
1.0238
1.02424
1.02467
1.02509
1.0255
1.02589
1.02627
1.02663
1.02699
1.02733
1.02766
1.02797
1.02828
1.02857
1.02884
1.02911
1.02936
1.0296
1.02983
1.03004
1.03024
1.03043
1.0306
1.03077
1.03092
1.03105
1.03118
1.03129
1.03139
1.03147
1.03155
1.03161
1.03166
1.03169
1.03171
1.03172
1.03172
1.0317
1.03167
1.03163
1.03157
1.03151
1.03143
1.03133
1.03123
1.03111
1.03098
1.03083
1.03068
1.03051
1.03032
1.03013
1.02992
1.0297
1.02947
1.02922
1.02896
1.02869
1.0284
1.02811
1.0278
1.02747
1.02714
1.02679
1.02643
1.02605
1.02567
1.02527
1.02486
1.02443
1.02399
1.02354
1.02308
1.02261
1.02212
1.02162
1.0211
1.02058
1.02004
1.01949
1.01892
1.01835
1.01776
1.01715
1.01654
1.01591
1.01527
1.01462
1.01396
1.01328
1.01259
1.01189
1.01117
1.01044
1.0097
1.00895
1.00818
1.00741
1.00662
1.00581
1.005
1.00417
1.00333
1.00248
1.00161
1.00074
0.999846
0.998944
0.99803
0.997103
0.996164
0.995212
0.994248
0.993272
0.992283
0.991282
0.990269
0.989244
0.988206
0.987156
0.986094
0.985019
0.983933
0.982834
0.981723
0.9806
0.979464
0.978317
0.977157
0.975986
0.974802
0.973606
0.972398
0.971178
0.969946
0.968702
0.967445
0.966177
0.964897
0.963605
0.962301
0.960985
0.959658
0.958318
0.956966
0.955603
0.954227
0.95284
0.951441
0.950031
0.948608
0.947174
0.945728
0.94427
0.9428
0.941319
0.939826
0.938322
0.936806
0.935278
0.933739
0.932188
0.930625
0.929051
0.927466
0.925869
0.92426
0.922641
0.921009
0.919366
0.917712
0.916047
0.91437
0.912681
0.910982
0.909271
0.907549
0.905815
0.904071
0.902315
0.900548
0.89877
0.89698
0.89518
0.893368
0.891546
0.889712
0.887867
0.886012
0.884145
0.882267
0.880379
0.878479
0.876569
0.874647
0.872715
0.870772
0.868818
0.866854
0.864879
0.862893
0.860896
0.858889
0.856871
0.854842
0.852803
0.850753
0.848692
0.846622
0.84454
0.842448
0.840346
0.838233
0.83611
0.833977
0.831833
0.829679
0.827514
0.82534
0.823155
0.82096
0.818754
0.816539
0.814313
0.812077
0.809832
0.807576
0.80531
0.803034
0.800749
0.798453
0.796147
0.793832
0.791506
0.789171
0.786826
0.784472
0.782107
0.779733
0.777349
0.774956
0.772553
0.77014
0.767718
0.765287
0.762845
0.760395
0.757935
0.755465
0.752986
0.750498
0.748001
0.745494
0.742978
0.740453
0.737919
0.735375
0.732822
0.730261
0.72769
0.72511
0.722521
0.719923
0.717317
0.714701
0.712076
0.709443
0.706801
0.70415
0.70149
0.698822
0.696145
0.693459
0.690765
0.688062
0.685351
0.682631
0.679903
0.677166
0.674421
0.671668
0.668906
0.666136
0.663357
0.660571
0.657776
0.654973
0.652162
0.649342
0.646515
0.64368
0.640837
0.637985
0.635126
0.632259
0.629384
0.626502
0.623611
0.620713
0.617807
0.614893
0.611972
0.609044
0.606107
0.603163
0.600212
0.597253
0.594287
0.591313
0.588332
0.585344
0.582349
0.579346
0.576336
0.573319
0.570295
0.567264
0.564225
0.56118
0.558128
0.555069
0.552002
0.54893
0.54585
0.542763
0.53967
0.53657
0.533463
0.53035
0.52723
0.524104
0.520971
0.517832
0.514686
0.511534
0.508375
0.50521
0.502039
0.498862
0.495678
0.492489
0.489293
0.486091
0.482883
0.479669
0.476449
0.473223
0.469992
0.466754
0.463511
0.460262
0.457007
0.453747
0.45048
0.447209
0.443931
0.440649
0.43736
0.434067
0.430768
0.427463
0.424153
0.420838
0.417518
0.414193
0.410862
0.407527
0.404186
0.40084
0.397489
0.394134
0.390773
0.387407
0.384037
0.380662
0.377282
0.373898
0.370509
0.367115
0.363717
0.360314
0.356907
0.353495
0.350079
0.346658
0.343233
0.339804
0.336371
0.332934
0.329492
0.326046
0.322596
0.319143
0.315685
0.312223
0.308757
0.305288
0.301815
0.298338
0.294857
0.291373
0.287885
0.284393
0.280898
0.277399
0.273897
0.270392
0.266883
0.263371
0.259855
0.256336
0.252814
0.249289
0.245761
0.24223
0.238696
0.235158
0.231618
0.228075
0.224529
0.220981
0.217429
0.213875
0.210318
0.206759
0.203196
0.199632
0.196065
0.192495
0.188923
0.185349
0.181772
0.178193
0.174612
0.171029
0.167443
0.163856
0.160266
0.156675
0.153081
0.149486
0.145888
0.142289
0.138688
0.135085
0.131481
0.127875
0.124267
0.120658
0.117047
0.113435
0.109821
0.106206
0.10259
0.098972
0.095353
0.0917329
0.0881116
0.0844892
0.0808657
0.0772412
0.0736157
0.0699893
0.066362
0.0627338
0.0591049
0.0554751
0.0518447
0.0482136
0.0445819
0.0409496
0.0373168
0.0336835
0.0300497
0.0264156
0.0227811
0.0191462
0.0155112
0.0118759
0.00824042
0.00460484
0.000969168
-0.00266654
-0.00630224
-0.00993788
-0.0135734
-0.0172088
-0.020844
-0.024479
-0.0281137
-0.0317481
-0.0353821
-0.0390157
-0.0426489
-0.0462815
-0.0499136
-0.0535451
-0.057176
-0.0608062
-0.0644356
-0.0680643
-0.0716922
-0.0753192
-0.0789453
-0.0825704
-0.0861946
-0.0898177
-0.0934397
-0.0970606
-0.10068
-0.104299
-0.107916
-0.111532
-0.115146
-0.11876
-0.122371
-0.125982
-0.12959
-0.133197
-0.136803
-0.140407
-0.144009
-0.147609
-0.151208
-0.154804
-0.158399
-0.161992
-0.165583
-0.169172
-0.172759
-0.176343
-0.179926
-0.183506
-0.187084
-0.19066
-0.194234
-0.197805
-0.201373
-0.20494
-0.208503
-0.212064
-0.215623
-0.219179
-0.222732
-0.226283
-0.22983
-0.233375
-0.236917
-0.240456
-0.243992
-0.247526
-0.251056
-0.254583
-0.258107
-0.261627
-0.265145
-0.268659
-0.27217
-0.275678
-0.279182
-0.282683
-0.28618
-0.289674
-0.293164
-0.296651
-0.300134
-0.303613
-0.307089
-0.310561
-0.314029
-0.317493
-0.320953
-0.324409
-0.327861
-0.33131
-0.334754
-0.338194
-0.34163
-0.345062
-0.348489
-0.351912
-0.355331
-0.358745
-0.362155
-0.365561
-0.368962
-0.372359
-0.375751
-0.379138
-0.38252
-0.385898
-0.389272
-0.39264
-0.396004
-0.399362
-0.402716
-0.406065
-0.409409
-0.412747
-0.416081
-0.41941
-0.422733
-0.426051
-0.429364
-0.432672
-0.435974
-0.439271
-0.442562
-0.445848
-0.449129
-0.452404
-0.455673
-0.458937
-0.462195
-0.465448
-0.468695
-0.471935
-0.475171
-0.4784
-0.481623
-0.484841
-0.488052
-0.491258
-0.494457
-0.49765
-0.500837
-0.504018
-0.507193
-0.510361
-0.513524
-0.51668
-0.519829
-0.522972
-0.526109
-0.529239
-0.532362
-0.535479
-0.53859
-0.541694
-0.544791
-0.547881
-0.550965
-0.554041
-0.557111
-0.560174
-0.563231
-0.56628
-0.569322
-0.572357
-0.575385
-0.578407
-0.58142
-0.584427
-0.587427
-0.590419
-0.593404
-0.596382
-0.599352
-0.602315
-0.60527
-0.608218
-0.611159
-0.614091
-0.617017
-0.619934
-0.622845
-0.625747
-0.628642
-0.631528
-0.634407
-0.637279
-0.640142
-0.642998
-0.645845
-0.648685
-0.651516
-0.65434
-0.657155
-0.659962
-0.662761
-0.665552
-0.668335
-0.67111
-0.673876
-0.676634
-0.679383
-0.682124
-0.684857
-0.687581
-0.690297
-0.693004
-0.695703
-0.698393
-0.701074
-0.703747
-0.706411
-0.709066
-0.711713
-0.71435
-0.716979
-0.719599
-0.72221
-0.724813
-0.727406
-0.72999
-0.732566
-0.735132
-0.737689
-0.740237
-0.742776
-0.745305
-0.747826
-0.750337
-0.752839
-0.755332
-0.757815
-0.760289
-0.762753
-0.765209
-0.767654
-0.77009
-0.772517
-0.774934
-0.777342
-0.779739
-0.782128
-0.784506
-0.786875
-0.789234
-0.791584
-0.793923
-0.796253
-0.798573
-0.800883
-0.803183
-0.805473
-0.807754
-0.810024
-0.812284
-0.814534
-0.816774
-0.819005
-0.821224
-0.823434
-0.825634
-0.827823
-0.830002
-0.832171
-0.83433
-0.836478
-0.838616
-0.840743
-0.84286
-0.844967
-0.847063
-0.849149
-0.851224
-0.853289
-0.855343
-0.857387
-0.85942
-0.861442
-0.863454
-0.865455
-0.867445
-0.869424
-0.871393
-0.873351
-0.875298
-0.877235
-0.87916
-0.881075
-0.882979
-0.884871
-0.886753
-0.888624
-0.890484
-0.892333
-0.894171
-0.895998
-0.897813
-0.899618
-0.901411
-0.903194
-0.904965
-0.906724
-0.908473
-0.910211
-0.911937
-0.913652
-0.915355
-0.917047
-0.918728
-0.920398
-0.922056
-0.923703
-0.925338
-0.926962
-0.928574
-0.930175
-0.931764
-0.933342
-0.934908
-0.936463
-0.938006
-0.939537
-0.941057
-0.942565
-0.944062
-0.945547
-0.94702
-0.948481
-0.949931
-0.951369
-0.952795
-0.954209
-0.955612
-0.957002
-0.958381
-0.959748
-0.961103
-0.962446
-0.963777
-0.965097
-0.966404
-0.967699
-0.968983
-0.970254
-0.971514
-0.972761
-0.973996
-0.975219
-0.976431
-0.97763
-0.978817
-0.979991
-0.981154
-0.982305
-0.983443
-0.984569
-0.985683
-0.986785
-0.987875
-0.988952
-0.990017
-0.99107
-0.99211
-0.993139
-0.994155
-0.995158
-0.996149
-0.997128
-0.998095
-0.999049
-0.999991
-1.00092
-1.00184
-1.00274
-1.00363
-1.00451
-1.00538
-1.00624
-1.00708
-1.00791
-1.00873
-1.00953
-1.01032
-1.0111
-1.01187
-1.01263
-1.01337
-1.0141
-1.01482
-1.01552
-1.01621
-1.01689
-1.01756
-1.01821
-1.01885
-1.01948
-1.0201
-1.0207
-1.02129
-1.02187
-1.02244
-1.02299
-1.02353
-1.02406
-1.02457
-1.02508
-1.02557
-1.02604
-1.02651
-1.02696
-1.0274
-1.02782
-1.02824
-1.02864
-1.02903
-1.0294
-1.02976
-1.03011
-1.03045
-1.03077
-1.03108
-1.03138
-1.03167
-1.03194
-1.0322
-1.03245
-1.03268
-1.0329
-1.03311
-1.03331
-1.03349
-1.03366
-1.03382
-1.03396
-1.0341
-1.03422
-1.03432
-1.03442
-1.0345
-1.03456
-1.03462
-1.03466
-1.03469
-1.03471
-1.03471
-1.0347
-1.03468
-1.03464
-1.0346
-1.03454
-1.03446
-1.03438
-1.03428
-1.03417
-1.03404
-1.0339
-1.03375
-1.03359
-1.03341
-1.03323
-1.03302
-1.03281
-1.03258
-1.03234
-1.03209
-1.03182
-1.03155
-1.03125
-1.03095
-1.03063
-1.0303
-1.02996
-1.02961
-1.02924
-1.02886
-1.02846
-1.02806
-1.02764
-1.02721
-1.02676
-1.02631
-1.02584
-1.02535
-1.02486
-1.02435
-1.02383
-1.0233
-1.02275
-1.02219
-1.02162
-1.02104
-1.02044
-1.01983
-1.01921
-1.01857
-1.01792
-1.01726
-1.01659
-1.01591
-1.01521
-1.0145
-1.01377
-1.01304
-1.01229
-1.01154
-1.01078
-1.01003
-1.00927
-1.00851
-1.00775
-1.00699
-1.00623
-1.00547
-1.0047
-1.00393
-1.00316
-1.00239
-1.00162
-1.00084
-1.00007
-0.999292
-0.998514
-0.997734
-0.996952
-0.996169
-0.995384
-0.994598
-0.99381
-0.993021
-0.99223
-0.991438
-0.990644
-0.989848
-0.989051
-0.988253
-0.987453
-0.986651
-0.985848
-0.985043
-0.984237
-0.98343
-0.98262
-0.98181
-0.980998
-0.980184
-0.979369
-0.978552
-0.977733
-0.976914
-0.976092
-0.97527
-0.974445
-0.973619
-0.972792
-0.971963
-0.971133
-0.970301
-0.969468
-0.968633
-0.967797
-0.966959
-0.96612
-0.965279
-0.964436
-0.963593
-0.962747
-0.961901
-0.961052
-0.960203
-0.959351
-0.958499
-0.957644
-0.956789
-0.955932
-0.955073
-0.954213
-0.953351
-0.952488
-0.951624
-0.950758
-0.94989
-0.949021
-0.948151
-0.947279
-0.946406
-0.945531
-0.944655
-0.943777
-0.942898
-0.942017
-0.941135
-0.940251
-0.939366
-0.93848
-0.937592
-0.936703
-0.935812
-0.93492
-0.934026
-0.933131
-0.932234
-0.931336
-0.930437
-0.929536
-0.928634
-0.92773
-0.926825
-0.925918
-0.92501
-0.9241
-0.92319
-0.922277
-0.921363
-0.920448
-0.919532
-0.918614
-0.917694
-0.916773
-0.915851
-0.914927
-0.914002
-0.913076
-0.912148
-0.911218
-0.910287
-0.909355
-0.908422
-0.907487
-0.90655
-0.905612
-0.904673
-0.903733
-0.902791
-0.901847
-0.900903
-0.899956
-0.899009
-0.89806
-0.897109
-0.896158
-0.895205
-0.89425
-0.893294
-0.892337
-0.891378
-0.890418
-0.889457
-0.888494
-0.88753
-0.886564
-0.885598
-0.884629
-0.88366
-0.882689
-0.881716
-0.880743
-0.879768
-0.878791
-0.877813
-0.876834
-0.875854
-0.874872
-0.873889
-0.872904
-0.871918
-0.870931
-0.869942
-0.868952
-0.867961
-0.866968
-0.865974
-0.864979
-0.863982
-0.862984
-0.861985
-0.860984
-0.859982
-0.858979
-0.857974
-0.856968
-0.855961
-0.854952
-0.853942
-0.852931
-0.851919
-0.850905
-0.849889
-0.848873
-0.847855
-0.846836
-0.845815
-0.844794
-0.843771
-0.842746
-0.841721
-0.840694
-0.839665
-0.838636
-0.837605
-0.836573
-0.835539
-0.834504
-0.833468
-0.832431
-0.831392
-0.830352
-0.829311
-0.828269
-0.827225
-0.82618
-0.825134
-0.824086
-0.823037
-0.821987
-0.820936
-0.819883
-0.818829
-0.817774
-0.816717
-0.815659
-0.8146
-0.81354
-0.812479
-0.811416
-0.810352
-0.809287
-0.80822
-0.807152
-0.806083
-0.805013
-0.803941
-0.802869
-0.801795
-0.800719
-0.799643
-0.798565
-0.797486
-0.796406
-0.795325
-0.794242
-0.793158
-0.792073
-0.790987
-0.789899
-0.78881
-0.78772
-0.786629
-0.785537
-0.784443
-0.783348
-0.782252
-0.781155
-0.780056
-0.778956
-0.777856
-0.776753
-0.77565
-0.774546
-0.77344
-0.772333
-0.771225
-0.770116
-0.769005
-0.767894
-0.766781
-0.765667
-0.764551
-0.763435
-0.762317
-0.761199
-0.760079
-0.758958
-0.757835
-0.756712
-0.755587
-0.754461
-0.753334
-0.752206
-0.751077
-0.749947
-0.748815
-0.747682
-0.746548
-0.745413
-0.744277
-0.743139
-0.742001
-0.740861
-0.73972
-0.738578
-0.737435
-0.736291
-0.735146
-0.733999
-0.732851
-0.731703
-0.730553
-0.729402
-0.728249
-0.727096
-0.725942
-0.724786
-0.723629
-0.722472
-0.721313
-0.720153
-0.718992
-0.717829
-0.716666
-0.715501
-0.714336
-0.713169
-0.712001
-0.710832
-0.709662
-0.708491
-0.707319
-0.706146
-0.704971
-0.703796
-0.702619
-0.701442
-0.700263
-0.699083
-0.697902
-0.69672
-0.695537
-0.694353
-0.693168
-0.691982
-0.690794
-0.689606
-0.688416
-0.687226
-0.686034
-0.684842
-0.683648
-0.682453
-0.681257
-0.68006
-0.678862
-0.677663
-0.676463
-0.675262
-0.67406
-0.672857
-0.671653
-0.670448
-0.669241
-0.668034
-0.666826
-0.665616
-0.664406
-0.663194
-0.661982
-0.660768
-0.659554
-0.658338
-0.657122
-0.655904
-0.654686
-0.653466
-0.652245
-0.651024
-0.649801
-0.648577
-0.647353
-0.646127
-0.644901
-0.643673
-0.642444
-0.641215
-0.639984
-0.638752
-0.63752
-0.636286
-0.635052
-0.633816
-0.63258
-0.631342
-0.630104
-0.628864
-0.627624
-0.626382
-0.62514
-0.623897
-0.622652
-0.621407
-0.620161
-0.618914
-0.617666
-0.616416
-0.615166
-0.613915
-0.612663
-0.611411
-0.610157
-0.608902
-0.607646
-0.60639
-0.605132
-0.603873
-0.602614
-0.601353
-0.600092
-0.59883
-0.597567
-0.596303
-0.595038
-0.593772
-0.592505
-0.591237
-0.589968
-0.588699
-0.587428
-0.586157
-0.584884
-0.583611
-0.582337
-0.581062
-0.579786
-0.578509
-0.577231
-0.575953
-0.574673
-0.573393
-0.572111
-0.570829
-0.569546
-0.568262
-0.566977
-0.565692
-0.564405
-0.563117
-0.561829
-0.56054
-0.55925
-0.557959
-0.556667
-0.555374
-0.554081
-0.552787
-0.551491
-0.550195
-0.548898
-0.547601
-0.546302
-0.545002
-0.543702
-0.542401
-0.541099
-0.539796
-0.538492
-0.537188
-0.535883
-0.534576
-0.53327
-0.531962
-0.530653
-0.529344
-0.528033
-0.526722
-0.52541
-0.524098
-0.522784
-0.52147
-0.520155
-0.518839
-0.517522
-0.516204
-0.514886
-0.513567
-0.512247
-0.510926
-0.509605
-0.508282
-0.506959
-0.505635
-0.504311
-0.502985
-0.501659
-0.500332
-0.499004
-0.497676
-0.496346
-0.495016
-0.493685
-0.492354
-0.491021
-0.489688
-0.488354
-0.48702
-0.485684
-0.484348
-0.483011
-0.481674
-0.480335
-0.478996
-0.477656
-0.476316
-0.474974
-0.473632
-0.472289
-0.470946
-0.469601
-0.468256
-0.466911
-0.465564
-0.464217
-0.462869
-0.461521
-0.460171
-0.458821
-0.457471
-0.456119
-0.454767
-0.453414
-0.45206
-0.450706
-0.449351
-0.447996
-0.446639
-0.445282
-0.443924
-0.442566
-0.441207
-0.439847
-0.438487
-0.437126
-0.435764
-0.434401
-0.433038
-0.431674
-0.43031
-0.428945
-0.427579
-0.426212
-0.424845
-0.423477
-0.422109
-0.42074
-0.41937
-0.418
-0.416629
-0.415257
-0.413885
-0.412512
-0.411138
-0.409764
-0.408389
-0.407013
-0.405637
-0.40426
-0.402883
-0.401505
-0.400126
-0.398747
-0.397367
-0.395987
-0.394605
-0.393224
-0.391841
-0.390458
-0.389075
-0.387691
-0.386306
-0.384921
-0.383535
-0.382148
-0.380761
-0.379373
-0.377985
-0.376596
-0.375207
-0.373817
-0.372426
-0.371035
-0.369643
-0.368251
-0.366858
-0.365464
-0.36407
-0.362676
-0.36128
-0.359885
-0.358488
-0.357092
-0.355694
-0.354296
-0.352898
-0.351499
-0.350099
-0.348699
-0.347298
-0.345897
-0.344495
-0.343093
-0.34169
-0.340287
-0.338883
-0.337479
-0.336074
-0.334668
-0.333263
-0.331856
-0.330449
-0.329042
-0.327634
-0.326225
-0.324816
-0.323407
-0.321997
-0.320586
-0.319175
-0.317764
-0.316352
-0.314939
-0.313526
-0.312113
-0.310699
-0.309285
-0.30787
-0.306454
-0.305038
-0.303622
-0.302205
-0.300788
-0.29937
-0.297952
-0.296534
-0.295115
-0.293695
-0.292275
-0.290855
-0.289434
-0.288012
-0.286591
-0.285168
-0.283746
-0.282323
-0.280899
-0.279475
-0.278051
-0.276626
-0.2752
-0.273775
-0.272349
-0.270922
-0.269495
-0.268068
-0.26664
-0.265212
-0.263783
-0.262354
-0.260925
-0.259495
-0.258065
-0.256634
-0.255203
-0.253771
-0.25234
-0.250907
-0.249475
-0.248042
-0.246608
-0.245175
-0.243741
-0.242306
-0.240871
-0.239436
-0.238
-0.236564
-0.235128
-0.233691
-0.232254
-0.230817
-0.229379
-0.227941
-0.226502
-0.225063
-0.223624
-0.222185
-0.220745
-0.219305
-0.217864
-0.216423
-0.214982
-0.21354
-0.212098
-0.210656
-0.209214
-0.207771
-0.206328
-0.204884
-0.20344
-0.201996
-0.200552
-0.199107
-0.197662
-0.196216
-0.194771
-0.193325
-0.191878
-0.190432
-0.188985
-0.187538
-0.18609
-0.184642
-0.183194
-0.181746
-0.180298
-0.178849
-0.177399
-0.17595
-0.1745
-0.17305
-0.1716
-0.17015
-0.168699
-0.167248
-0.165797
-0.164345
-0.162893
-0.161441
-0.159989
-0.158536
-0.157084
-0.155631
-0.154177
-0.152724
-0.15127
-0.149816
-0.148362
-0.146907
-0.145453
-0.143998
-0.142543
-0.141087
-0.139632
-0.138176
-0.13672
-0.135264
-0.133807
-0.132351
-0.130894
-0.129437
-0.12798
-0.126522
-0.125065
-0.123607
-0.122149
-0.120691
-0.119232
-0.117774
-0.116315
-0.114856
-0.113397
-0.111938
-0.110478
-0.109019
-0.107559
-0.106099
-0.104639
-0.103179
-0.101718
-0.100258
-0.098797
-0.0973361
-0.0958751
-0.0944139
-0.0929525
-0.0914911
-0.0900294
-0.0885677
-0.0871058
-0.0856437
-0.0841816
-0.0827193
-0.0812569
-0.0797943
-0.0783317
-0.0768689
-0.075406
-0.0739429
-0.0724798
-0.0710166
-0.0695532
-0.0680897
-0.0666262
-0.0651625
-0.0636987
-0.0622349
-0.0607709
-0.0593068
-0.0578427
-0.0563784
-0.0549141
-0.0534497
-0.0519852
-0.0505206
-0.049056
-0.0475912
-0.0461264
-0.0446616
-0.0431966
-0.0417316
-0.0402665
-0.0388014
-0.0373362
-0.035871
-0.0344057
-0.0329403
-0.0314749
-0.0300094
-0.0285439
-0.0270784
-0.0256128
-0.0241472
-0.0226815
-0.0212158
-0.0197501
-0.0182843
-0.0168185
-0.0153527
-0.0138869
-0.012421
-0.0109551
-0.00948925
-0.00802334
-0.00655742
-0.00509149
-0.00362556
-0.00215961
-0.000693668
0.000772278
0.00223822
0.00370416
0.0051701
0.00663602
0.00810194
0.00956784
0.0110337
0.0124996
0.0139654
0.0154313
0.0168971
0.0183629
0.0198286
0.0212943
0.02276
0.0242257
0.0256913
0.0271568
0.0286224
0.0300878
0.0315533
0.0330187
0.034484
0.0359493
0.0374145
0.0388797
0.0403448
0.0418098
0.0432748
0.0447397
0.0462045
0.0476693
0.049134
0.0505986
0.0520632
0.0535276
0.054992
0.0564563
0.0579205
0.0593846
0.0608486
0.0623125
0.0637764
0.0652401
0.0667037
0.0681672
0.0696307
0.071094
0.0725572
0.0740203
0.0754832
0.0769461
0.0784088
0.0798714
0.0813339
0.0827963
0.0842585
0.0857206
0.0871826
0.0886444
0.0901061
0.0915677
0.0930291
0.0944904
0.0959515
0.0974125
0.0988733
0.100334
0.101794
0.103255
0.104715
0.106175
0.107635
0.109095
0.110554
0.112014
0.113473
0.114932
0.116391
0.117849
0.119308
0.120766
0.122224
0.123682
0.12514
0.126597
0.128055
0.129512
0.130969
0.132425
0.133882
0.135338
0.136794
0.13825
0.139706
0.141161
0.142617
0.144072
0.145526
0.146981
0.148435
0.149889
0.151343
0.152797
0.15425
0.155703
0.157156
0.158609
0.160062
0.161514
0.162966
0.164417
0.165869
0.16732
0.168771
0.170222
0.171672
0.173122
0.174572
0.176021
0.177471
0.17892
0.180369
0.181817
0.183265
0.184713
0.186161
0.187608
0.189055
0.190502
0.191948
0.193395
0.19484
0.196286
0.197731
0.199176
0.200621
0.202065
0.203509
0.204953
0.206396
0.207839
0.209282
0.210725
0.212167
0.213609
0.21505
0.216491
0.217932
0.219372
0.220812
0.222252
0.223692
0.225131
0.226569
0.228008
0.229446
0.230883
0.232321
0.233758
0.235194
0.23663
0.238066
0.239502
0.240937
0.242371
0.243806
0.24524
0.246673
0.248107
0.249539
0.250972
0.252404
0.253836
0.255267
0.256698
0.258128
0.259558
0.260988
0.262417
0.263846
0.265275
0.266703
0.26813
0.269558
0.270984
0.272411
0.273837
0.275262
0.276687
0.278112
0.279536
0.28096
0.282384
0.283807
0.285229
0.286651
0.288073
0.289494
0.290915
0.292335
0.293755
0.295174
0.296593
0.298012
0.29943
0.300847
0.302264
0.303681
0.305097
0.306513
0.307928
0.309342
0.310757
0.31217
0.313584
0.314996
0.316409
0.317821
0.319232
0.320643
0.322053
0.323463
0.324872
0.326281
0.327689
0.329097
0.330504
0.331911
0.333317
0.334723
0.336129
0.337533
0.338937
0.340341
0.341744
0.343147
0.344549
0.345951
0.347352
0.348752
0.350152
0.351551
0.35295
0.354349
0.355746
0.357144
0.35854
0.359936
0.361332
0.362727
0.364121
0.365515
0.366908
0.368301
0.369693
0.371085
0.372476
0.373866
0.375256
0.376646
0.378034
0.379422
0.38081
0.382197
0.383583
0.384969
0.386354
0.387739
0.389123
0.390506
0.391889
0.393271
0.394653
0.396033
0.397414
0.398793
0.400173
0.401551
0.402929
0.404306
0.405683
0.407059
0.408434
0.409809
0.411183
0.412556
0.413929
0.415301
0.416673
0.418044
0.419414
0.420784
0.422152
0.423521
0.424888
0.426255
0.427622
0.428987
0.430352
0.431717
0.43308
0.434443
0.435806
0.437167
0.438528
0.439888
0.441248
0.442607
0.443965
0.445323
0.44668
0.448036
0.449391
0.450746
0.4521
0.453454
0.454806
0.456158
0.45751
0.45886
0.46021
0.461559
0.462908
0.464255
0.465602
0.466949
0.468294
0.469639
0.470983
0.472327
0.473669
0.475011
0.476352
0.477693
0.479032
0.480371
0.48171
0.483047
0.484384
0.48572
0.487055
0.48839
0.489723
0.491056
0.492389
0.49372
0.495051
0.496381
0.49771
0.499038
0.500366
0.501693
0.503019
0.504344
0.505669
0.506992
0.508315
0.509637
0.510959
0.512279
0.513599
0.514918
0.516236
0.517554
0.51887
0.520186
0.521501
0.522816
0.524129
0.525441
0.526753
0.528064
0.529374
0.530684
0.531992
0.5333
0.534607
0.535913
0.537218
0.538522
0.539826
0.541129
0.54243
0.543731
0.545032
0.546331
0.54763
0.548927
0.550224
0.55152
0.552815
0.554109
0.555403
0.556695
0.557987
0.559278
0.560568
0.561857
0.563145
0.564432
0.565719
0.567004
0.568289
0.569573
0.570856
0.572138
0.573419
0.5747
0.575979
0.577258
0.578535
0.579812
0.581088
0.582363
0.583637
0.58491
0.586182
0.587454
0.588724
0.589994
0.591262
0.59253
0.593797
0.595063
0.596328
0.597592
0.598855
0.600117
0.601378
0.602639
0.603898
0.605157
0.606414
0.607671
0.608926
0.610181
0.611435
0.612688
0.61394
0.615191
0.616441
0.61769
0.618938
0.620185
0.621431
0.622676
0.62392
0.625164
0.626406
0.627647
0.628888
0.630127
0.631366
0.632603
0.63384
0.635075
0.63631
0.637543
0.638776
0.640007
0.641238
0.642468
0.643696
0.644924
0.64615
0.647376
0.648601
0.649824
0.651047
0.652268
0.653489
0.654709
0.655927
0.657145
0.658361
0.659577
0.660791
0.662005
0.663217
0.664429
0.665639
0.666849
0.668057
0.669264
0.670471
0.671676
0.67288
0.674083
0.675286
0.676487
0.677687
0.678886
0.680084
0.681281
0.682477
0.683671
0.684865
0.686058
0.68725
0.68844
0.68963
0.690818
0.692005
0.693192
0.694377
0.695561
0.696744
0.697926
0.699107
0.700287
0.701466
0.702644
0.70382
0.704996
0.70617
0.707344
0.708516
0.709687
0.710857
0.712026
0.713194
0.714361
0.715527
0.716691
0.717855
0.719017
0.720178
0.721338
0.722498
0.723655
0.724812
0.725968
0.727122
0.728276
0.729428
0.730579
0.731729
0.732878
0.734026
0.735173
0.736318
0.737463
0.738606
0.739748
0.740889
0.742029
0.743168
0.744305
0.745442
0.746577
0.747711
0.748844
0.749976
0.751106
0.752236
0.753364
0.754491
0.755617
0.756742
0.757866
0.758988
0.76011
0.76123
0.762349
0.763466
0.764583
0.765698
0.766813
0.767926
0.769038
0.770148
0.771258
0.772366
0.773473
0.774579
0.775684
0.776787
0.77789
0.778991
0.780091
0.78119
0.782287
0.783383
0.784479
0.785572
0.786665
0.787757
0.788847
0.789936
0.791024
0.79211
0.793196
0.79428
0.795363
0.796445
0.797525
0.798604
0.799682
0.800759
0.801835
0.802909
0.803982
0.805054
0.806124
0.807194
0.808262
0.809329
0.810394
0.811459
0.812522
0.813584
0.814644
0.815704
0.816762
0.817819
0.818874
0.819928
0.820981
0.822033
0.823084
0.824133
0.825181
0.826228
0.827273
0.828317
0.82936
0.830402
0.831442
0.832481
0.833519
0.834555
0.83559
0.836624
0.837657
0.838688
0.839718
0.840747
0.841774
0.8428
0.843825
0.844849
0.845871
0.846892
0.847911
0.84893
0.849947
0.850962
0.851977
0.85299
0.854001
0.855012
0.856021
0.857029
0.858035
0.85904
0.860044
0.861046
0.862048
0.863047
0.864046
0.865043
0.866039
0.867033
0.868027
0.869018
0.870009
0.870998
0.871986
0.872972
0.873957
0.874941
0.875923
0.876904
0.877884
0.878863
0.87984
0.880815
0.881789
0.882762
0.883734
0.884704
0.885673
0.88664
0.887606
0.888571
0.889535
0.890497
0.891457
0.892416
0.893374
0.894331
0.895286
0.89624
0.897192
0.898143
0.899093
0.900041
0.900988
0.901933
0.902877
0.90382
0.904761
0.905701
0.906639
0.907576
0.908512
0.909446
0.910379
0.91131
0.91224
0.913169
0.914096
0.915022
0.915947
0.91687
0.917791
0.918711
0.91963
0.920547
0.921463
0.922378
0.923291
0.924203
0.925113
0.926022
0.926929
0.927835
0.928739
0.929643
0.930544
0.931444
0.932343
0.933241
0.934136
0.935031
0.935924
0.936816
0.937706
0.938594
0.939482
0.940367
0.941252
0.942135
0.943016
0.943896
0.944775
0.945652
0.946527
0.947402
0.948274
0.949146
0.950015
0.950884
0.951751
0.952616
0.95348
0.954342
0.955203
0.956063
0.956921
0.957777
0.958633
0.959486
0.960338
0.961189
0.962038
0.962886
0.963732
0.964577
0.96542
0.966262
0.967102
0.967941
0.968778
0.969614
0.970448
0.971281
0.972112
0.972942
0.97377
0.974597
0.975423
0.976246
0.977069
0.977889
0.978709
0.979526
0.980343
0.981158
0.981971
0.982782
0.983593
0.984401
0.985209
0.986014
0.986818
0.987621
0.988422
0.989222
0.99002
0.990816
0.991611
0.992405
0.993197
0.993987
0.994776
0.995564
0.996349
0.997134
0.997916
0.998698
0.999477
1.00026
1.00103
1.00181
1.00258
1.00335
1.00412
1.00489
1.00566
1.00643
1.00719
1.00795
1.00871
1.00947
1.01023
1.01099
1.01174
1.0125
1.01325
1.01399
1.01473
1.01545
1.01616
1.01686
1.01754
1.01821
1.01887
1.01952
1.02015
1.02078
1.02138
1.02198
1.02256
1.02313
1.02369
1.02424
1.02477
1.02529
1.0258
1.02629
1.02677
1.02724
1.0277
1.02814
1.02857
1.02899
1.0294
1.02979
1.03017
1.03054
1.03089
1.03123
1.03156
1.03188
1.03218
1.03247
1.03275
1.03301
1.03326
1.0335
1.03373
1.03394
1.03414
1.03433
1.0345
1.03467
1.03482
1.03495
1.03508
1.03519
1.03529
1.03537
1.03544
1.0355
1.03555
1.03558
1.0356
1.03561
1.03561
1.03559
1.03556
1.03552
1.03546
1.03539
1.03531
1.03521
1.03511
1.03499
1.03485
1.03471
1.03455
1.03438
1.03419
1.034
1.03379
1.03356
1.03333
1.03308
1.03282
1.03254
1.03226
1.03196
1.03165
1.03132
1.03098
1.03063
1.03027
1.02989
1.0295
1.0291
1.02869
1.02826
1.02782
1.02737
1.0269
1.02642
1.02593
1.02543
1.02491
1.02438
1.02384
1.02329
1.02272
1.02214
1.02155
1.02094
1.02032
1.01969
1.01905
1.01839
1.01772
1.01704
1.01635
1.01564
1.01493
1.01419
1.01345
1.01269
1.01192
1.01114
1.01035
1.00954
1.00872
1.00789
1.00705
1.00619
1.00532
1.00444
1.00354
1.00264
1.00172
1.00079
0.999844
0.998888
0.997919
0.996938
0.995945
0.994939
0.993921
0.992891
0.991848
0.990793
0.989726
0.988647
0.987555
0.986451
0.985335
0.984206
0.983066
0.981913
0.980748
0.979571
0.978382
0.97718
0.975967
0.974741
0.973503
0.972254
0.970992
0.969718
0.968432
0.967134
0.965824
0.964503
0.963169
0.961823
0.960465
0.959096
0.957714
0.956321
0.954916
0.953499
0.95207
0.950629
0.949177
0.947713
0.946237
0.944749
0.94325
0.941738
0.940216
0.938681
0.937135
0.935578
0.934008
0.932427
0.930835
0.929231
0.927616
0.925989
0.92435
0.9227
0.921039
0.919366
0.917682
0.915986
0.91428
0.912561
0.910832
0.909091
0.907339
0.905575
0.903801
0.902015
0.900218
0.89841
0.896591
0.89476
0.892919
0.891066
0.889203
0.887328
0.885442
0.883546
0.881638
0.87972
0.87779
0.87585
0.873899
0.871937
0.869964
0.86798
0.865986
0.863981
0.861965
0.859939
0.857901
0.855854
0.853795
0.851726
0.849647
0.847557
0.845456
0.843345
0.841223
0.839092
0.836949
0.834796
0.832633
0.83046
0.828276
0.826082
0.823878
0.821664
0.819439
0.817204
0.814959
0.812704
0.810439
0.808164
0.805879
0.803583
0.801278
0.798963
0.796638
0.794303
0.791959
0.789604
0.78724
0.784866
0.782482
0.780088
0.777685
0.775272
0.77285
0.770418
0.767976
0.765525
0.763064
0.760594
0.758115
0.755626
0.753128
0.75062
0.748103
0.745577
0.743041
0.740497
0.737943
0.73538
0.732808
0.730226
0.727636
0.725037
0.722428
0.719811
0.717185
0.71455
0.711906
0.709253
0.706591
0.703921
0.701242
0.698554
0.695858
0.693153
0.690439
0.687717
0.684986
0.682247
0.679499
0.676743
0.673978
0.671205
0.668424
0.665635
0.662837
0.660031
0.657217
0.654394
0.651564
0.648725
0.645878
0.643024
0.640161
0.637291
0.634412
0.631526
0.628632
0.62573
0.62282
0.619903
0.616977
0.614045
0.611104
0.608156
0.605201
0.602237
0.599267
0.596289
0.593304
0.590311
0.587311
0.584303
0.581289
0.578267
0.575238
0.572202
0.569158
0.566108
0.563051
0.559987
0.556915
0.553837
0.550752
0.54766
0.544561
0.541456
0.538344
0.535225
0.532099
0.528967
0.525828
0.522683
0.519532
0.516373
0.513209
0.510038
0.506861
0.503677
0.500487
0.497291
0.494089
0.490881
0.487666
0.484446
0.481219
0.477987
0.474748
0.471504
0.468254
0.464998
0.461736
0.458468
0.455195
0.451916
0.448632
0.445342
0.442046
0.438745
0.435438
0.432127
0.428809
0.425487
0.422159
0.418825
0.415487
0.412144
0.408795
0.405441
0.402082
0.398719
0.39535
0.391976
0.388598
0.385214
0.381826
0.378433
0.375036
0.371633
0.368226
0.364815
0.361399
0.357978
0.354553
0.351124
0.34769
0.344252
0.34081
0.337363
0.333913
0.330458
0.326999
0.323535
0.320068
0.316597
0.313122
0.309643
0.30616
0.302674
0.299183
0.295689
0.292191
0.28869
0.285185
0.281676
0.278164
0.274649
0.27113
0.267607
0.264082
0.260553
0.25702
0.253485
0.249946
0.246404
0.24286
0.239312
0.235761
0.232207
0.228651
0.225091
0.221529
0.217964
0.214396
0.210825
0.207252
0.203677
0.200098
0.196518
0.192934
0.189349
0.185761
0.18217
0.178578
0.174983
0.171386
0.167787
0.164186
0.160582
0.156977
0.15337
0.149761
0.146149
0.142537
0.138922
0.135305
0.131687
0.128067
0.124446
0.120823
0.117199
0.113573
0.109945
0.106316
0.102686
0.0990549
0.0954222
0.0917883
0.0881533
0.0845171
0.0808799
0.0772417
0.0736024
0.0699623
0.0663212
0.0626793
0.0590366
0.0553931
0.051749
0.0481041
0.0444587
0.0408126
0.0371661
0.033519
0.0298716
0.0262237
0.0225755
0.0189269
0.0152781
0.0116291
0.00797995
0.00433065
0.000681273
-0.00296814
-0.00661754
-0.0102669
-0.0139161
-0.0175652
-0.0212141
-0.0248628
-0.0285112
-0.0321592
-0.0358069
-0.0394542
-0.043101
-0.0467472
-0.050393
-0.0540381
-0.0576826
-0.0613264
-0.0649695
-0.0686118
-0.0722533
-0.0758939
-0.0795336
-0.0831723
-0.08681
-0.0904467
-0.0940823
-0.0977167
-0.10135
-0.104982
-0.108613
-0.112242
-0.11587
-0.119497
-0.123122
-0.126746
-0.130368
-0.133989
-0.137608
-0.141225
-0.14484
-0.148454
-0.152066
-0.155676
-0.159284
-0.162891
-0.166495
-0.170097
-0.173697
-0.177295
-0.180891
-0.184485
-0.188076
-0.191665
-0.195252
-0.198837
-0.202419
-0.205998
-0.209575
-0.213149
-0.216721
-0.22029
-0.223856
-0.22742
-0.230981
-0.234539
-0.238094
-0.241646
-0.245195
-0.248742
-0.252285
-0.255825
-0.259362
-0.262896
-0.266426
-0.269953
-0.273477
-0.276998
-0.280515
-0.284029
-0.287539
-0.291046
-0.294549
-0.298048
-0.301544
-0.305036
-0.308525
-0.312009
-0.31549
-0.318967
-0.32244
-0.325909
-0.329374
-0.332835
-0.336292
-0.339744
-0.343193
-0.346637
-0.350077
-0.353513
-0.356944
-0.360371
-0.363794
-0.367212
-0.370625
-0.374034
-0.377439
-0.380838
-0.384233
-0.387624
-0.391009
-0.39439
-0.397766
-0.401137
-0.404503
-0.407864
-0.41122
-0.414571
-0.417917
-0.421257
-0.424593
-0.427923
-0.431248
-0.434568
-0.437882
-0.441191
-0.444494
-0.447792
-0.451085
-0.454372
-0.457653
-0.460929
-0.464199
-0.467463
-0.470721
-0.473974
-0.477221
-0.480462
-0.483697
-0.486926
-0.490149
-0.493366
-0.496577
-0.499782
-0.502981
-0.506173
-0.509359
-0.512539
-0.515713
-0.51888
-0.522041
-0.525195
-0.528343
-0.531485
-0.534619
-0.537748
-0.540869
-0.543984
-0.547092
-0.550194
-0.553289
-0.556376
-0.559457
-0.562532
-0.565599
-0.568659
-0.571712
-0.574758
-0.577797
-0.580829
-0.583854
-0.586871
-0.589881
-0.592884
-0.59588
-0.598868
-0.601849
-0.604823
-0.607789
-0.610747
-0.613698
-0.616641
-0.619577
-0.622505
-0.625426
-0.628338
-0.631243
-0.63414
-0.63703
-0.639911
-0.642785
-0.64565
-0.648508
-0.651357
-0.654199
-0.657032
-0.659858
-0.662675
-0.665484
-0.668285
-0.671077
-0.673862
-0.676638
-0.679405
-0.682164
-0.684915
-0.687657
-0.690391
-0.693117
-0.695833
-0.698541
-0.701241
-0.703932
-0.706614
-0.709287
-0.711952
-0.714608
-0.717255
-0.719893
-0.722522
-0.725142
-0.727754
-0.730356
-0.732949
-0.735533
-0.738109
-0.740675
-0.743232
-0.745779
-0.748318
-0.750847
-0.753367
-0.755878
-0.758379
-0.760871
-0.763353
-0.765826
-0.76829
-0.770744
-0.773189
-0.775624
-0.778049
-0.780465
-0.782871
-0.785268
-0.787654
-0.790031
-0.792399
-0.794756
-0.797104
-0.799441
-0.801769
-0.804087
-0.806395
-0.808693
-0.810982
-0.81326
-0.815528
-0.817785
-0.820033
-0.822271
-0.824498
-0.826716
-0.828923
-0.831119
-0.833306
-0.835482
-0.837648
-0.839803
-0.841949
-0.844083
-0.846207
-0.848321
-0.850425
-0.852517
-0.8546
-0.856671
-0.858732
-0.860783
-0.862823
-0.864852
-0.86687
-0.868878
-0.870875
-0.872861
-0.874836
-0.876801
-0.878754
-0.880697
-0.882629
-0.88455
-0.88646
-0.888359
-0.890247
-0.892124
-0.89399
-0.895845
-0.897689
-0.899522
-0.901344
-0.903154
-0.904953
-0.906741
-0.908518
-0.910284
-0.912038
-0.913781
-0.915513
-0.917234
-0.918943
-0.92064
-0.922327
-0.924002
-0.925665
-0.927317
-0.928958
-0.930587
-0.932204
-0.93381
-0.935405
-0.936987
-0.938559
-0.940118
-0.941666
-0.943202
-0.944727
-0.94624
-0.947741
-0.949231
-0.950708
-0.952174
-0.953629
-0.955071
-0.956501
-0.95792
-0.959327
-0.960722
-0.962105
-0.963476
-0.964835
-0.966183
-0.967518
-0.968841
-0.970153
-0.971452
-0.972739
-0.974014
-0.975277
-0.976529
-0.977768
-0.978994
-0.980209
-0.981412
-0.982602
-0.983781
-0.984947
-0.986101
-0.987242
-0.988372
-0.989489
-0.990594
-0.991687
-0.992767
-0.993835
-0.994891
-0.995934
-0.996966
-0.997984
-0.998991
-0.999985
-1.00097
-1.00194
-1.00289
-1.00384
-1.00477
-1.00569
-1.0066
-1.00749
-1.00837
-1.00924
-1.0101
-1.01094
-1.01178
-1.0126
-1.0134
-1.0142
-1.01498
-1.01575
-1.0165
-1.01725
-1.01798
-1.0187
-1.01941
-1.0201
-1.02078
-1.02145
-1.0221
-1.02275
-1.02338
-1.024
-1.0246
-1.02519
-1.02577
-1.02634
-1.02689
-1.02743
-1.02796
-1.02848
-1.02898
-1.02947
-1.02995
-1.03042
-1.03087
-1.03131
-1.03173
-1.03215
-1.03255
-1.03294
-1.03331
-1.03367
-1.03402
-1.03436
-1.03469
-1.035
-1.0353
-1.03558
-1.03585
-1.03611
-1.03636
-1.0366
-1.03682
-1.03703
-1.03722
-1.0374
-1.03757
-1.03773
-1.03788
-1.03801
-1.03813
-1.03823
-1.03832
-1.0384
-1.03847
-1.03852
-1.03857
-1.03859
-1.03861
-1.03861
-1.0386
-1.03858
-1.03854
-1.03849
-1.03843
-1.03836
-1.03827
-1.03817
-1.03806
-1.03793
-1.03779
-1.03764
-1.03747
-1.0373
-1.03711
-1.0369
-1.03669
-1.03646
-1.03622
-1.03596
-1.03569
-1.03541
-1.03512
-1.03481
-1.03449
-1.03416
-1.03382
-1.03346
-1.03309
-1.03271
-1.03231
-1.0319
-1.03148
-1.03105
-1.0306
-1.03014
-1.02967
-1.02918
-1.02868
-1.02817
-1.02765
-1.02711
-1.02656
-1.026
-1.02543
-1.02484
-1.02424
-1.02363
-1.023
-1.02236
-1.02171
-1.02105
-1.02037
-1.01968
-1.01898
-1.01827
-1.01754
-1.0168
-1.01605
-1.0153
-1.01454
-1.01379
-1.01303
-1.01227
-1.01151
-1.01075
-1.00998
-1.00922
-1.00845
-1.00768
-1.00691
-1.00614
-1.00537
-1.0046
-1.00382
-1.00304
-1.00226
-1.00148
-1.0007
-0.999917
-0.999131
-0.998344
-0.997556
-0.996766
-0.995975
-0.995182
-0.994387
-0.993591
-0.992793
-0.991994
-0.991193
-0.990391
-0.989587
-0.988782
-0.987975
-0.987167
-0.986357
-0.985546
-0.984733
-0.983918
-0.983102
-0.982285
-0.981466
-0.980646
-0.979823
-0.979
-0.978175
-0.977348
-0.97652
-0.975691
-0.97486
-0.974027
-0.973193
-0.972357
-0.97152
-0.970682
-0.969841
-0.969
-0.968157
-0.967312
-0.966466
-0.965618
-0.964769
-0.963919
-0.963067
-0.962213
-0.961358
-0.960501
-0.959643
-0.958784
-0.957923
-0.95706
-0.956197
-0.955331
-0.954464
-0.953596
-0.952726
-0.951855
-0.950982
-0.950108
-0.949232
-0.948355
-0.947476
-0.946596
-0.945714
-0.944831
-0.943947
-0.943061
-0.942173
-0.941284
-0.940394
-0.939502
-0.938609
-0.937714
-0.936818
-0.935921
-0.935022
-0.934121
-0.933219
-0.932316
-0.931411
-0.930505
-0.929597
-0.928688
-0.927777
-0.926865
-0.925952
-0.925037
-0.924121
-0.923203
-0.922284
-0.921363
-0.920441
-0.919518
-0.918593
-0.917667
-0.916739
-0.91581
-0.914879
-0.913947
-0.913014
-0.912079
-0.911143
-0.910206
-0.909267
-0.908326
-0.907384
-0.906441
-0.905497
-0.904551
-0.903603
-0.902654
-0.901704
-0.900753
-0.8998
-0.898845
-0.89789
-0.896932
-0.895974
-0.895014
-0.894053
-0.89309
-0.892126
-0.891161
-0.890194
-0.889226
-0.888256
-0.887285
-0.886313
-0.885339
-0.884364
-0.883388
-0.88241
-0.881431
-0.88045
-0.879468
-0.878485
-0.8775
-0.876514
-0.875527
-0.874539
-0.873549
-0.872557
-0.871564
-0.87057
-0.869575
-0.868578
-0.86758
-0.866581
-0.86558
-0.864578
-0.863574
-0.86257
-0.861564
-0.860556
-0.859547
-0.858537
-0.857526
-0.856513
-0.855499
-0.854483
-0.853467
-0.852449
-0.851429
-0.850409
-0.849387
-0.848363
-0.847339
-0.846313
-0.845286
-0.844257
-0.843227
-0.842196
-0.841164
-0.84013
-0.839095
-0.838058
-0.837021
-0.835982
-0.834942
-0.8339
-0.832857
-0.831813
-0.830768
-0.829721
-0.828673
-0.827624
-0.826573
-0.825522
-0.824468
-0.823414
-0.822358
-0.821302
-0.820243
-0.819184
-0.818123
-0.817061
-0.815998
-0.814934
-0.813868
-0.812801
-0.811733
-0.810663
-0.809592
-0.80852
-0.807447
-0.806372
-0.805297
-0.80422
-0.803141
-0.802062
-0.800981
-0.799899
-0.798816
-0.797732
-0.796646
-0.795559
-0.794471
-0.793381
-0.792291
-0.791199
-0.790106
-0.789012
-0.787916
-0.786819
-0.785722
-0.784622
-0.783522
-0.78242
-0.781318
-0.780214
-0.779108
-0.778002
-0.776894
-0.775786
-0.774676
-0.773564
-0.772452
-0.771339
-0.770224
-0.769108
-0.767991
-0.766872
-0.765753
-0.764632
-0.76351
-0.762387
-0.761263
-0.760137
-0.759011
-0.757883
-0.756754
-0.755624
-0.754492
-0.75336
-0.752226
-0.751092
-0.749956
-0.748818
-0.74768
-0.746541
-0.7454
-0.744258
-0.743116
-0.741972
-0.740826
-0.73968
-0.738533
-0.737384
-0.736234
-0.735083
-0.733931
-0.732778
-0.731624
-0.730468
-0.729312
-0.728154
-0.726995
-0.725835
-0.724674
-0.723512
-0.722349
-0.721184
-0.720019
-0.718852
-0.717684
-0.716515
-0.715346
-0.714174
-0.713002
-0.711829
-0.710655
-0.709479
-0.708302
-0.707125
-0.705946
-0.704766
-0.703585
-0.702403
-0.70122
-0.700036
-0.69885
-0.697664
-0.696477
-0.695288
-0.694098
-0.692908
-0.691716
-0.690523
-0.689329
-0.688134
-0.686938
-0.685741
-0.684543
-0.683344
-0.682144
-0.680942
-0.67974
-0.678536
-0.677332
-0.676126
-0.67492
-0.673712
-0.672504
-0.671294
-0.670083
-0.668871
-0.667659
-0.666445
-0.66523
-0.664014
-0.662797
-0.661579
-0.66036
-0.65914
-0.657919
-0.656697
-0.655474
-0.65425
-0.653025
-0.651799
-0.650572
-0.649344
-0.648114
-0.646884
-0.645653
-0.644421
-0.643188
-0.641954
-0.640719
-0.639483
-0.638246
-0.637008
-0.635769
-0.634529
-0.633288
-0.632046
-0.630803
-0.629559
-0.628314
-0.627068
-0.625821
-0.624573
-0.623324
-0.622075
-0.620824
-0.619572
-0.61832
-0.617066
-0.615812
-0.614556
-0.6133
-0.612042
-0.610784
-0.609525
-0.608264
-0.607003
-0.605741
-0.604478
-0.603214
-0.601949
-0.600683
-0.599416
-0.598149
-0.59688
-0.595611
-0.59434
-0.593069
-0.591796
-0.590523
-0.589249
-0.587974
-0.586698
-0.585421
-0.584143
-0.582865
-0.581585
-0.580305
-0.579023
-0.577741
-0.576458
-0.575174
-0.573889
-0.572603
-0.571316
-0.570029
-0.56874
-0.567451
-0.566161
-0.56487
-0.563578
-0.562285
-0.560991
-0.559696
-0.558401
-0.557105
-0.555807
-0.554509
-0.55321
-0.551911
-0.55061
-0.549309
-0.548006
-0.546703
-0.545399
-0.544094
-0.542788
-0.541482
-0.540175
-0.538866
-0.537557
-0.536247
-0.534937
-0.533625
-0.532313
-0.531
-0.529686
-0.528371
-0.527055
-0.525739
-0.524421
-0.523103
-0.521784
-0.520465
-0.519144
-0.517823
-0.516501
-0.515178
-0.513854
-0.51253
-0.511204
-0.509878
-0.508551
-0.507224
-0.505895
-0.504566
-0.503236
-0.501905
-0.500574
-0.499241
-0.497908
-0.496575
-0.49524
-0.493904
-0.492568
-0.491231
-0.489894
-0.488555
-0.487216
-0.485876
-0.484535
-0.483194
-0.481852
-0.480509
-0.479165
-0.477821
-0.476475
-0.475129
-0.473783
-0.472435
-0.471087
-0.469738
-0.468389
-0.467039
-0.465688
-0.464336
-0.462983
-0.46163
-0.460276
-0.458922
-0.457566
-0.45621
-0.454854
-0.453496
-0.452138
-0.450779
-0.44942
-0.44806
-0.446699
-0.445337
-0.443975
-0.442612
-0.441248
-0.439884
-0.438519
-0.437153
-0.435787
-0.43442
-0.433052
-0.431683
-0.430314
-0.428945
-0.427574
-0.426203
-0.424831
-0.423459
-0.422086
-0.420712
-0.419338
-0.417963
-0.416587
-0.415211
-0.413834
-0.412457
-0.411078
-0.4097
-0.40832
-0.40694
-0.405559
-0.404178
-0.402796
-0.401413
-0.40003
-0.398646
-0.397262
-0.395877
-0.394491
-0.393105
-0.391718
-0.390331
-0.388942
-0.387554
-0.386164
-0.384774
-0.383384
-0.381993
-0.380601
-0.379209
-0.377816
-0.376423
-0.375029
-0.373634
-0.372239
-0.370843
-0.369447
-0.36805
-0.366652
-0.365254
-0.363856
-0.362456
-0.361057
-0.359656
-0.358256
-0.356854
-0.355452
-0.35405
-0.352647
-0.351243
-0.349839
-0.348434
-0.347029
-0.345623
-0.344217
-0.34281
-0.341403
-0.339995
-0.338587
-0.337178
-0.335768
-0.334358
-0.332948
-0.331537
-0.330125
-0.328713
-0.327301
-0.325888
-0.324474
-0.32306
-0.321645
-0.32023
-0.318815
-0.317399
-0.315982
-0.314565
-0.313148
-0.31173
-0.310311
-0.308892
-0.307473
-0.306053
-0.304633
-0.303212
-0.301791
-0.300369
-0.298947
-0.297524
-0.296101
-0.294677
-0.293253
-0.291828
-0.290403
-0.288978
-0.287552
-0.286126
-0.284699
-0.283272
-0.281844
-0.280416
-0.278988
-0.277559
-0.276129
-0.2747
-0.273269
-0.271839
-0.270408
-0.268976
-0.267544
-0.266112
-0.264679
-0.263246
-0.261812
-0.260379
-0.258944
-0.257509
-0.256074
-0.254639
-0.253203
-0.251766
-0.25033
-0.248893
-0.247455
-0.246017
-0.244579
-0.24314
-0.241701
-0.240262
-0.238822
-0.237382
-0.235942
-0.234501
-0.23306
-0.231618
-0.230176
-0.228734
-0.227291
-0.225848
-0.224405
-0.222961
-0.221517
-0.220073
-0.218628
-0.217183
-0.215737
-0.214292
-0.212846
-0.211399
-0.209953
-0.208506
-0.207058
-0.20561
-0.204162
-0.202714
-0.201266
-0.199817
-0.198367
-0.196918
-0.195468
-0.194018
-0.192567
-0.191117
-0.189665
-0.188214
-0.186762
-0.185311
-0.183858
-0.182406
-0.180953
-0.1795
-0.178047
-0.176593
-0.175139
-0.173685
-0.172231
-0.170776
-0.169321
-0.167866
-0.16641
-0.164955
-0.163499
-0.162042
-0.160586
-0.159129
-0.157672
-0.156215
-0.154757
-0.1533
-0.151842
-0.150384
-0.148925
-0.147467
-0.146008
-0.144549
-0.143089
-0.14163
-0.14017
-0.13871
-0.13725
-0.135789
-0.134329
-0.132868
-0.131407
-0.129946
-0.128484
-0.127023
-0.125561
-0.124099
-0.122637
-0.121174
-0.119712
-0.118249
-0.116786
-0.115323
-0.113859
-0.112396
-0.110932
-0.109468
-0.108004
-0.10654
-0.105076
-0.103611
-0.102147
-0.100682
-0.0992171
-0.0977519
-0.0962867
-0.0948213
-0.0933557
-0.09189
-0.0904241
-0.0889581
-0.087492
-0.0860258
-0.0845594
-0.0830928
-0.0816262
-0.0801594
-0.0786925
-0.0772255
-0.0757583
-0.0742911
-0.0728237
-0.0713562
-0.0698886
-0.0684209
-0.0669531
-0.0654852
-0.0640172
-0.0625491
-0.0610809
-0.0596126
-0.0581442
-0.0566757
-0.0552071
-0.0537385
-0.0522697
-0.0508009
-0.049332
-0.047863
-0.046394
-0.0449249
-0.0434557
-0.0419864
-0.0405171
-0.0390477
-0.0375783
-0.0361088
-0.0346392
-0.0331696
-0.0317
-0.0302303
-0.0287605
-0.0272907
-0.0258209
-0.024351
-0.0228811
-0.0214111
-0.0199412
-0.0184712
-0.0170011
-0.015531
-0.014061
-0.0125908
-0.0111207
-0.00965056
-0.0081804
-0.00671023
-0.00524004
-0.00376985
-0.00229965
-0.000829452
0.000640749
0.00211095
0.00358114
0.00505133
0.00652152
0.00799169
0.00946185
0.010932
0.0124021
0.0138722
0.0153423
0.0168124
0.0182824
0.0197524
0.0212224
0.0226923
0.0241622
0.0256321
0.0271019
0.0285717
0.0300414
0.0315111
0.0329808
0.0344504
0.0359199
0.0373894
0.0388588
0.0403282
0.0417975
0.0432667
0.0447359
0.046205
0.047674
0.049143
0.0506118
0.0520806
0.0535494
0.055018
0.0564865
0.057955
0.0594234
0.0608916
0.0623598
0.0638279
0.0652959
0.0667638
0.0682316
0.0696992
0.0711668
0.0726343
0.0741016
0.0755688
0.0770359
0.0785029
0.0799698
0.0814365
0.0829032
0.0843696
0.085836
0.0873022
0.0887683
0.0902343
0.0917001
0.0931658
0.0946313
0.0960967
0.0975619
0.099027
0.100492
0.101957
0.103421
0.104886
0.10635
0.107814
0.109278
0.110742
0.112205
0.113669
0.115132
0.116595
0.118058
0.119521
0.120983
0.122446
0.123908
0.12537
0.126832
0.128293
0.129755
0.131216
0.132677
0.134138
0.135598
0.137058
0.138519
0.139978
0.141438
0.142898
0.144357
0.145816
0.147275
0.148733
0.150192
0.15165
0.153108
0.154565
0.156023
0.15748
0.158937
0.160394
0.16185
0.163306
0.164762
0.166218
0.167673
0.169128
0.170583
0.172038
0.173492
0.174946
0.1764
0.177854
0.179307
0.18076
0.182213
0.183665
0.185117
0.186569
0.188021
0.189472
0.190923
0.192374
0.193824
0.195274
0.196724
0.198173
0.199622
0.201071
0.20252
0.203968
0.205416
0.206864
0.208311
0.209758
